0.00	0.00000627
0.02	-0.00071756
0.04	-0.00359574
0.06	-0.00988448
0.08	-0.02057880
0.10	-0.03632784
0.12	-0.05737152
0.14	-0.08350720
0.16	-0.11409440
0.18	-0.14810160
0.20	-0.18419600
0.22	-0.22087520
0.24	-0.25661920
0.26	-0.29006720
0.28	-0.32016560
0.30	-0.34630080
0.32	-0.36837040
0.34	-0.38678880
0.36	-0.40242480
0.38	-0.41646640
0.40	-0.43023840
0.42	-0.44499200
0.44	-0.46169760
0.46	-0.48086880
0.48	-0.50245120
0.50	-0.52578640
0.52	-0.54966000
0.54	-0.57243440
0.56	-0.59223440
0.58	-0.60717120
0.60	-0.61556480
0.62	-0.61614000
0.64	-0.60816800
0.66	-0.59154240
0.68	-0.56679280
0.70	-0.53503120
0.72	-0.49786720
0.74	-0.45730240
0.76	-0.41563200
0.78	-0.37535840
0.80	-0.33912720
0.82	-0.30966800
0.84	-0.28972480
0.86	-0.28194640
0.88	-0.28870880
0.90	-0.31185680
0.92	-0.35235520
0.94	-0.40988160
0.96	-0.48239120
0.98	-0.56573520
1.00	-0.65339200
1.02	-0.73641040
1.04	-0.80362400
1.06	-0.84220000
1.08	-0.83848800
1.10	-0.77918560
1.12	-0.65271200
1.14	-0.45063760
1.16	-0.16905440
1.18	0.19032560
1.20	0.61947360
1.22	1.10390400
1.24	1.62315200
1.26	2.15190400
1.28	2.66168800
1.30	3.12298400
1.32	3.50764000
1.34	3.79116800
1.36	3.95496000
1.38	3.98785600
1.40	3.88721600
1.42	3.65907200
1.44	3.31759200
1.46	2.88373600
1.48	2.38334400
1.50	1.84483200
1.52	1.29674400
1.54	0.76545360
1.56	0.27318560
1.58	-0.16337040
1.60	-0.53381920
1.62	-0.83410400
1.64	-1.06591200
1.66	-1.23560800
1.68	-1.35274400
1.70	-1.42855200
1.72	-1.47441600
1.74	-1.50066400
1.76	-1.51570400
1.78	-1.52560800
1.80	-1.53413600
1.82	-1.54306400
1.84	-1.55282400
1.86	-1.56318400
1.88	-1.57389600
1.90	-1.58510400
1.92	-1.59756000
1.94	-1.61249600
1.96	-1.63120800
1.98	-1.65442400
2.00	-1.68169600
2.02	-1.71069600
2.04	-1.73687200
2.06	-1.75326400
2.08	-1.75082400
2.10	-1.71909600
2.12	-1.64719200
2.14	-1.52512000
2.16	-1.34512800
2.18	-1.10304000
2.20	-0.79930000
2.22	-0.43966000
2.24	-0.03531872
2.26	0.39748640
2.28	0.83845600
2.30	1.26469600
2.32	1.65250400
2.34	1.97936000
2.36	2.22585600
2.38	2.37742400
2.40	2.42557600
2.42	2.36868800
2.44	2.21212000
2.46	1.96767200
2.48	1.65255200
2.50	1.28781600
2.52	0.89656000
2.54	0.50197840
2.56	0.12553840
2.58	-0.21460560
2.60	-0.50479280
2.62	-0.73655360
2.64	-0.90678400
2.66	-1.01741600
2.68	-1.07468000
2.70	-1.08803200
2.72	-1.06890400
2.74	-1.02944800
2.76	-0.98134400
2.78	-0.93482400
2.80	-0.89797600
2.82	-0.87636800
2.84	-0.87296800
2.86	-0.88836800
2.88	-0.92116000
2.90	-0.96851200
2.92	-1.02672000
2.94	-1.09175200
2.96	-1.15972800
2.98	-1.22724000
3.00	-1.29152800
3.02	-1.35056800
3.04	-1.40298400
3.06	-1.44797600
3.08	-1.48512000
3.10	-1.51424800
3.12	-1.53532800
3.14	-1.54837600
3.16	-1.55340000
3.18	-1.55039200
3.20	-1.53935200
3.22	-1.52024800
3.24	-1.49300800
3.26	-1.45746400
3.28	-1.41328000
3.30	-1.35988000
3.32	-1.29640000
3.34	-1.22163200
3.36	-1.13409600
3.38	-1.03214400
3.40	-0.91415200
3.42	-0.77881280
3.44	-0.62540720
3.46	-0.45414880
3.48	-0.26645040
3.50	-0.06511552
3.52	0.14559120
3.54	0.36002480
3.56	0.57139760
3.58	0.77216880
3.60	0.95455200
3.62	1.11108000
3.64	1.23520000
3.66	1.32183200
3.68	1.36776800
3.70	1.37196800
3.72	1.33568800
3.74	1.26236000
3.76	1.15734400
3.78	1.02756000
3.80	0.88089600
3.82	0.72573920
3.84	0.57035360
3.86	0.42239840
3.88	0.28849760
3.90	0.17392720
3.92	0.08242240
3.94	0.01611040
3.96	-0.02445792
3.98	-0.04017872
4.00	-0.03320360
4.02	-0.00670022
4.04	0.03541368
4.06	0.08874560
4.08	0.14870480
4.10	0.21076080
4.12	0.27069360
4.14	0.32480480
4.16	0.37010080
4.18	0.40442880
4.20	0.42655440
4.22	0.43618720
4.24	0.43392720
4.26	0.42115920
4.28	0.39987840
4.30	0.37248080
4.32	0.34152320
4.34	0.30948800
4.36	0.27856800
4.38	0.25050160
4.40	0.22647520
4.42	0.20708880
4.44	0.19241040
4.46	0.18208000
4.48	0.17546400
4.50	0.17182800
4.52	0.17050400
4.54	0.17102400
4.56	0.17320480
4.58	0.17717200
4.60	0.18332000
4.62	0.19222160
4.64	0.20450320
4.66	0.22070400
4.68	0.24114800
4.70	0.26585120
4.72	0.29447600
4.74	0.32634320
4.76	0.36049920
4.78	0.39583040
4.80	0.43119760
4.82	0.46558240
4.84	0.49821200
4.86	0.52864400
4.88	0.55680000
4.90	0.58294240
4.92	0.60759120
4.94	0.63140320
4.96	0.65501920
4.98	0.67891280
5.00	0.70325280
5.02	0.72781040
5.04	0.75191360
5.06	0.77447040
5.08	0.79404240
5.10	0.80897600
5.12	0.81756000
5.14	0.81821600
5.16	0.80966400
5.18	0.79104080
5.20	0.76205360
5.22	0.72298240
5.24	0.67468560
5.26	0.61853520
5.28	0.55630000
5.30	0.49000480
5.32	0.42176800
5.34	0.35364800
5.36	0.28749760
5.38	0.22485920
5.40	0.16689120
5.42	0.11433360
5.44	0.06752152
5.46	0.02642664
5.48	-0.00927192
5.50	-0.04010520
5.52	-0.06672584
5.54	-0.08982560
5.56	-0.11006560
5.58	-0.12802800
5.60	-0.14418560
5.62	-0.15889680
5.64	-0.17241280
5.66	-0.18490640
5.68	-0.19650800
5.70	-0.20734160
5.72	-0.21756880
5.74	-0.22742080
5.76	-0.23722400
5.78	-0.24741680
5.80	-0.25855440
5.82	-0.27129760
5.84	-0.28638960
5.86	-0.30462240
5.88	-0.32678800
5.90	-0.35361920
5.92	-0.38573040
5.94	-0.42354480
5.96	-0.46722960
5.98	-0.51664080
6.00	-0.57127520
6.02	-0.63024400
6.04	-0.69228000
6.06	-0.75575760
6.08	-0.81876000
6.10	-0.87916000
6.12	-0.93472800
6.14	-0.98329600
6.16	-1.02282400
6.18	-1.05160800
6.20	-1.06835200
6.22	-1.07226400
6.24	-1.06312000
6.26	-1.04129600
6.28	-1.00771200
6.30	-0.96381600
6.32	-0.91144800
6.34	-0.85276000
6.36	-0.79005520
6.38	-0.72569360
6.40	-0.66194400
6.42	-0.60088560
6.44	-0.54432400
6.46	-0.49372880
6.48	-0.45020000
6.50	-0.41445520
6.52	-0.38683360
6.54	-0.36731360
6.56	-0.35554560
6.58	-0.35087920
6.60	-0.35240480
6.62	-0.35898800
6.64	-0.36930640
6.66	-0.38189520
6.68	-0.39518880
6.70	-0.40756880
6.72	-0.41742240
6.74	-0.42319600
6.76	-0.42346480
6.78	-0.41698880
6.80	-0.40277920
6.82	-0.38014960
6.84	-0.34875760
6.86	-0.30863360
6.88	-0.26018720
6.90	-0.20419760
6.92	-0.14178080
6.94	-0.07433960
6.96	-0.00348620
6.98	0.06903456
7.00	0.14144000
7.02	0.21200480
7.04	0.27915120
7.06	0.34152960
7.08	0.39808320
7.10	0.44809360
7.12	0.49119840
7.14	0.52738880
7.16	0.55697920
7.18	0.58055920
7.20	0.59892880
7.22	0.61302000
7.24	0.62382720
7.26	0.63232560
7.28	0.63941760
7.30	0.64588080
7.32	0.65233840
7.34	0.65925280
7.36	0.66692560
7.38	0.67551440
7.40	0.68506000
7.42	0.69551200
7.44	0.70675280
7.46	0.71862000
7.48	0.73092080
7.50	0.74343840
7.52	0.75593440
7.54	0.76815520
7.56	0.77982800
7.58	0.79067360
7.60	0.80041600
7.62	0.80879200
7.64	0.81559200
7.66	0.82065600
7.68	0.82391200
7.70	0.82536800
7.72	0.82512800
7.74	0.82336800
7.76	0.82030400
7.78	0.81616000
7.80	0.81114400
7.82	0.80539200
7.84	0.79891520
7.86	0.79163040
7.88	0.78332400
7.90	0.77368720
7.92	0.76235360
7.94	0.74895520
7.96	0.73318640
7.98	0.71486240
8.00	0.69397600
8.02	0.67072720
8.04	0.64553760
8.06	0.61902800
8.08	0.59197680
8.10	0.56524880
8.12	0.53971360
8.14	0.51615440
8.16	0.49518640
8.18	0.47718400
8.20	0.46223520
8.22	0.45012880
8.24	0.44036320
8.26	0.43219600
8.28	0.42471120
8.30	0.41690640
8.32	0.40778880
8.34	0.39646240
8.36	0.38220880
8.38	0.36454640
8.40	0.34326160
8.42	0.31841520
8.44	0.29031920
8.46	0.25949440
8.48	0.22660880
8.50	0.19240880
8.52	0.15764720
8.54	0.12302000
8.56	0.08911440
8.58	0.05637856
8.60	0.02510400
8.62	-0.00456699
8.64	-0.03262008
8.66	-0.05913456
8.68	-0.08424240
8.70	-0.10808640
8.72	-0.13078240
8.74	-0.15239440
8.76	-0.17291440
8.78	-0.19226800
8.80	-0.21031840
8.82	-0.22689840
8.84	-0.24183280
8.86	-0.25497440
8.88	-0.26623840
8.90	-0.27562000
8.92	-0.28321600
8.94	-0.28922240
8.96	-0.29392800
8.98	-0.29769440
9.00	-0.30092320
9.02	-0.30402480
9.04	-0.30738240
9.06	-0.31131600
9.08	-0.31606080
9.10	-0.32174880
9.12	-0.32840160
9.14	-0.33594000
9.16	-0.34419680
9.18	-0.35294240
9.20	-0.36191520
9.22	-0.37085120
9.24	-0.37951360
9.26	-0.38771920
9.28	-0.39534960
9.30	-0.40236320
9.32	-0.40878640
9.34	-0.41470240
9.36	-0.42023040
9.38	-0.42549680
9.40	-0.43061200
9.42	-0.43564000
9.44	-0.44058480
9.46	-0.44538000
9.48	-0.44988880
9.50	-0.45392160
9.52	-0.45725760
9.54	-0.45968000
9.56	-0.46100880
9.58	-0.46113280
9.60	-0.46003840
9.62	-0.45782160
9.64	-0.45468480
9.66	-0.45091760
9.68	-0.44686400
9.70	-0.44287360
9.72	-0.43925440
9.74	-0.43622160
9.76	-0.43386080
9.78	-0.43210160
9.80	-0.43072400
9.82	-0.42937760
9.84	-0.42762640
9.86	-0.42501360
9.88	-0.42112800
9.90	-0.41567120
9.92	-0.40851280
9.94	-0.39972320
9.96	-0.38957680
9.98	-0.37852800
10.00	-0.36715680
10.02	-0.35609360
10.04	-0.34593600
10.06	-0.33716560
10.08	-0.33007680
10.10	-0.32473840
10.12	-0.32097840
10.14	-0.31840880
10.16	-0.31648320
10.18	-0.31457200
10.20	-0.31206000
10.22	-0.30843120
10.24	-0.30334720
10.26	-0.29669280
10.28	-0.28859600
10.30	-0.27940560
10.32	-0.26963840
10.34	-0.25990560
10.36	-0.25082480
10.38	-0.24293280
10.40	-0.23661440
10.42	-0.23205680
10.44	-0.22922720
10.46	-0.22789360
10.48	-0.22765920
10.50	-0.22803040
10.52	-0.22848320
10.54	-0.22853200
10.56	-0.22778480
10.58	-0.22597520
10.60	-0.22297600
10.62	-0.21878240
10.64	-0.21348080
10.66	-0.20720240
10.68	-0.20007520
10.70	-0.19218240
10.72	-0.18353520
10.74	-0.17405840
10.76	-0.16360240
10.78	-0.15196480
10.80	-0.13892960
10.82	-0.12430640
10.84	-0.10796960
10.86	-0.08989040
10.88	-0.07015064
10.90	-0.04894704
10.92	-0.02657368
10.94	-0.00339626
10.96	0.02018288
10.98	0.04376336
11.00	0.06698184
11.02	0.08954080
11.04	0.11122960
11.06	0.13193200
11.08	0.15162400
11.10	0.17036800
11.12	0.18829680
11.14	0.20559040
11.16	0.22246240
11.18	0.23913680
11.20	0.25582880
11.22	0.27273040
11.24	0.28999360
11.26	0.30771920
11.28	0.32594800
11.30	0.34465200
11.32	0.36373600
11.34	0.38303920
11.36	0.40234960
11.38	0.42142000
11.40	0.43999040
11.42	0.45781440
11.44	0.47468400
11.46	0.49045280
11.48	0.50504560
11.50	0.51846480
11.52	0.53077520
11.54	0.54208240
11.56	0.55249600
11.58	0.56209120
11.60	0.57086640
11.62	0.57871120
11.64	0.58538320
11.66	0.59050560
11.68	0.59358480
11.70	0.59404880
11.72	0.59130480
11.74	0.58480000
11.76	0.57409520
11.78	0.55892880
11.80	0.53925840
11.82	0.51529280
11.84	0.48748480
11.86	0.45650400
11.88	0.42318160
11.90	0.38843680
11.92	0.35318880
11.94	0.31827840
11.96	0.28438800
11.98	0.25198960
12.00	0.22131280
12.02	0.19234720
12.04	0.16486880
12.06	0.13849120
12.08	0.11273440
12.10	0.08710480
12.12	0.06116744
12.14	0.03461080
12.16	0.00729478
12.18	-0.02072800
12.20	-0.04921376
12.22	-0.07775280
12.24	-0.10581440
12.26	-0.13280160
12.28	-0.15811680
12.30	-0.18121440
12.32	-0.20165360
12.34	-0.21912800
12.36	-0.23348560
12.38	-0.24471840
12.40	-0.25294880
12.42	-0.25839760
12.44	-0.26134160
12.46	-0.26207920
12.48	-0.26089280
12.50	-0.25802160
12.52	-0.25365120
12.54	-0.24790480
12.56	-0.24085520
12.58	-0.23253920
12.60	-0.22298240
12.62	-0.21222080
12.64	-0.20032000
12.66	-0.18739280
12.68	-0.17360800
12.70	-0.15918880
12.72	-0.14440560
12.74	-0.12956560
12.76	-0.11499440
12.78	-0.10101920
12.80	-0.08795280
12.82	-0.07607616
12.84	-0.06563328
12.86	-0.05681696
12.88	-0.04976744
12.90	-0.04456856
12.92	-0.04124664
12.94	-0.03976944
12.96	-0.04004672
12.98	-0.04193096
13.00	-0.04522008
13.02	-0.04966304
13.04	-0.05496776
13.06	-0.06081392
13.08	-0.06686864
13.10	-0.07280504
13.12	-0.07832216
13.14	-0.08316400
13.16	-0.08713680
13.18	-0.09012000
13.20	-0.09207360
13.22	-0.09303440
13.24	-0.09311520
13.26	-0.09248880
13.28	-0.09137440
13.30	-0.09002560
13.32	-0.08871120
13.34	-0.08770720
13.36	-0.08728880
13.38	-0.08772080
13.40	-0.08925840
13.42	-0.09214400
13.44	-0.09659920
13.46	-0.10282240
13.48	-0.11097520
13.50	-0.12117120
13.52	-0.13346240
13.54	-0.14782480
13.56	-0.16414880
13.58	-0.18223680
13.60	-0.20180720
13.62	-0.22251120
13.64	-0.24395440
13.66	-0.26572480
13.68	-0.28742400
13.70	-0.30870000
13.72	-0.32926080
13.74	-0.34889280
13.76	-0.36745360
13.78	-0.38485840
13.80	-0.40105200
13.82	-0.41597520
13.84	-0.42952560
13.86	-0.44153520
13.88	-0.45174480
13.90	-0.45980560
13.92	-0.46529280
13.94	-0.46774160
13.96	-0.46669120
13.98	-0.46174720
14.00	-0.45262880
14.02	-0.43922400
14.04	-0.42162000
14.06	-0.40011200
14.08	-0.37519040
14.10	-0.34750800
14.12	-0.31782080
14.14	-0.28692320
14.16	-0.25557840
14.18	-0.22445520
14.20	-0.19407680
14.22	-0.16479840
14.24	-0.13679760
14.26	-0.11010240
14.28	-0.08462480
14.30	-0.06021896
14.32	-0.03673456
14.34	-0.01407448
14.36	0.00777128
14.38	0.02870320
14.40	0.04851584
14.42	0.06692368
14.44	0.08360480
14.46	0.09825760
14.48	0.11066080
14.50	0.12072640
14.52	0.12854240
14.54	0.13439520
14.56	0.13876000
14.58	0.14228240
14.60	0.14572080
14.62	0.14988800
14.64	0.15557520
14.66	0.16347920
14.68	0.17413840
14.70	0.18788800
14.72	0.20482960
14.74	0.22482880
14.76	0.24753600
14.78	0.27242160
14.80	0.29883120
14.82	0.32604080
14.84	0.35331680
14.86	0.37996400
14.88	0.40536000
14.90	0.42898560
14.92	0.45041920
14.94	0.46933440
14.96	0.48547840
14.98	0.49864400
15.00	0.50865040
15.02	0.51531680
15.04	0.51846000
15.06	0.51789440
15.08	0.51345040
15.10	0.50499600
15.12	0.49247280
15.14	0.47592720
15.16	0.45553520
15.18	0.43161920
15.20	0.40464880
15.22	0.37522480
15.24	0.34404480
15.26	0.31186000
15.28	0.27941840
15.30	0.24741120
15.32	0.21642240
15.34	0.18688960
15.36	0.15908400
15.38	0.13311040
15.40	0.10892400
15.42	0.08636320
15.44	0.06520008
15.46	0.04519096
15.48	0.02612312
15.50	0.00785590
15.52	-0.00965528
15.54	-0.02635208
15.56	-0.04208440
15.58	-0.05663760
15.60	-0.06976976
15.62	-0.08125440
15.64	-0.09092080
15.66	-0.09868480
15.68	-0.10456800
15.70	-0.10869600
15.72	-0.11129120
15.74	-0.11263680
15.76	-0.11304560
15.78	-0.11281440
15.80	-0.11218880
15.82	-0.11132880
15.84	-0.11029680
15.86	-0.10904560
15.88	-0.10743840
15.90	-0.10526560
15.92	-0.10227920
15.94	-0.09822960
15.96	-0.09290160
15.98	-0.08614480
16.00	-0.07789288
16.02	-0.06818240
16.04	-0.05714832
16.06	-0.04502056
16.08	-0.03211192
16.10	-0.01879992
16.12	-0.00550778
16.14	0.00731235
16.16	0.01919328
16.18	0.02966848
16.20	0.03828552
16.22	0.04461744
16.24	0.04827648
16.26	0.04893080
16.28	0.04632264
16.30	0.04028568
16.32	0.03076432
16.34	0.01782800
16.36	0.00167781
16.38	-0.01735328
16.40	-0.03880832
16.42	-0.06212936
16.44	-0.08668480
16.46	-0.11180800
16.48	-0.13683200
16.50	-0.16112640
16.52	-0.18412480
16.54	-0.20534800
16.56	-0.22441200
16.58	-0.24102080
16.60	-0.25495680
16.62	-0.26606320
16.64	-0.27421840
16.66	-0.27931760
16.68	-0.28126640
16.70	-0.27997440
16.72	-0.27536640
16.74	-0.26740320
16.76	-0.25610400
16.78	-0.24157680
16.80	-0.22403760
16.82	-0.20382720
16.84	-0.18140640
16.86	-0.15733760
16.88	-0.13225200
16.90	-0.10680720
16.92	-0.08162560
16.94	-0.05724704
16.96	-0.03407632
16.98	-0.01235568
17.00	0.00784449
17.02	0.02661704
17.04	0.04418608
17.06	0.06085424
17.08	0.07693992
17.10	0.09271600
17.12	0.10835520
17.14	0.12389040
17.16	0.13919280
17.18	0.15398240
17.20	0.16786160
17.22	0.18036240
17.24	0.19100800
17.26	0.19938320
17.28	0.20518960
17.30	0.20828960
17.32	0.20872720
17.34	0.20672400
17.36	0.20264960
17.38	0.19697520
17.40	0.19021200
17.42	0.18284720
17.44	0.17529120
17.46	0.16782800
17.48	0.16060000
17.50	0.15360560
17.52	0.14672800
17.54	0.13977200
17.56	0.13252000
17.58	0.12478880
17.60	0.11647920
17.62	0.10760480
17.64	0.09831680
17.66	0.08889120
17.68	0.07970512
17.70	0.07119008
17.72	0.06377968
17.74	0.05785336
17.76	0.05368480
17.78	0.05140416
17.80	0.05097968
17.82	0.05222008
17.84	0.05479616
17.86	0.05828264
17.88	0.06220968
17.90	0.06612048
17.92	0.06962632
17.94	0.07245136
17.96	0.07446256
17.98	0.07567944
18.00	0.07626392
18.02	0.07649160
18.04	0.07670768
18.06	0.07727392
18.08	0.07851336
18.10	0.08066000
18.12	0.08381840
18.14	0.08794320
18.16	0.09283360
18.18	0.09814880
18.20	0.10344480
18.22	0.10821920
18.24	0.11196320
18.26	0.11422160
18.28	0.11463520
18.30	0.11297920
18.32	0.10917440
18.34	0.10329120
18.36	0.09552240
18.38	0.08614400
18.40	0.07547048
18.42	0.06380144
18.44	0.05137208
18.46	0.03831664
18.48	0.02464864
18.50	0.01026224
18.52	-0.00504913
18.54	-0.02155736
18.56	-0.03954952
18.58	-0.05927280
18.60	-0.08088560
18.62	-0.10441920
18.64	-0.12975600
18.66	-0.15662400
18.68	-0.18461440
18.70	-0.21322720
18.72	-0.24191200
18.74	-0.27012320
18.76	-0.29737600
18.78	-0.32329200
18.80	-0.34762240
18.82	-0.37025600
18.84	-0.39121040
18.86	-0.41060880
18.88	-0.42863360
18.90	-0.44548640
18.92	-0.46133760
18.94	-0.47629760
18.96	-0.49038560
18.98	-0.50351760
19.00	-0.51551280
19.02	-0.52610720
19.04	-0.53497760
19.06	-0.54177040
19.08	-0.54612880
19.10	-0.54771520
19.12	-0.54623200
19.14	-0.54142720
19.16	-0.53310320
19.18	-0.52111680
19.20	-0.50537600
19.22	-0.48584240
19.24	-0.46253360
19.26	-0.43553280
19.28	-0.40499120
19.30	-0.37114000
19.32	-0.33429920
19.34	-0.29487440
19.36	-0.25334800
19.38	-0.21026240
19.40	-0.16620080
19.42	-0.12174960
19.44	-0.07745816
19.46	-0.03380688
19.48	0.00881640
19.50	0.05014336
19.52	0.09002720
19.54	0.12844080
19.56	0.16544960
19.58	0.20117600
19.60	0.23576400
19.62	0.26934000
19.64	0.30196960
19.66	0.33363200
19.68	0.36420080
19.70	0.39345360
19.72	0.42108320
19.74	0.44672240
19.76	0.46999120
19.78	0.49054320
19.80	0.50810800
19.82	0.52253040
19.84	0.53379840
19.86	0.54206160
19.88	0.54762400
19.90	0.55092080
19.92	0.55248560
19.94	0.55290000
19.96	0.55273680
19.98	0.55250640
20.00	0.55260160
20.02	0.55326160
20.04	0.55454480
20.06	0.55632960
20.08	0.55832320
20.10	0.56010240
20.12	0.56116400
20.14	0.56097840
20.16	0.55905920
20.18	0.55501680
20.20	0.54860320
20.22	0.53973920
20.24	0.52852560
20.26	0.51522080
20.28	0.50021280
20.30	0.48396640
20.32	0.46696880
20.34	0.44967520
20.36	0.43245440
20.38	0.41556160
20.40	0.39912160
20.42	0.38313280
20.44	0.36748640
20.46	0.35200640
20.48	0.33648880
20.50	0.32074640
20.52	0.30464000
20.54	0.28809760
20.56	0.27112400
20.58	0.25378800
20.60	0.23619840
20.62	0.21846800
20.64	0.20068400
20.66	0.18287760
20.68	0.16500560
20.70	0.14694320
20.72	0.12849920
20.74	0.10944080
20.76	0.08953040
20.78	0.06855920
20.80	0.04638696
20.82	0.02296984
20.84	-0.00162645
20.86	-0.02723192
20.88	-0.05358616
20.90	-0.08036480
20.92	-0.10721680
20.94	-0.13380480
20.96	-0.15983360
20.98	-0.18507040
21.00	-0.20936000
21.02	-0.23261600
21.04	-0.25481680
21.06	-0.27597440
21.08	-0.29611360
21.10	-0.31524720
21.12	-0.33335920
21.14	-0.35039760
21.16	-0.36626720
21.18	-0.38084400
21.20	-0.39398480
21.22	-0.40554640
21.24	-0.41539760
21.26	-0.42343200
21.28	-0.42957440
21.30	-0.43377600
21.32	-0.43601280
21.34	-0.43626960
21.36	-0.43453520
21.38	-0.43078880
21.40	-0.42499840
21.42	-0.41712560
21.44	-0.40712800
21.46	-0.39497680
21.48	-0.38067520
21.50	-0.36427200
21.52	-0.34588240
21.54	-0.32569040
21.56	-0.30395840
21.58	-0.28102480
21.60	-0.25728800
21.62	-0.23319040
21.64	-0.20919360
21.66	-0.18576080
21.68	-0.16332480
21.70	-0.14226720
21.72	-0.12290000
21.74	-0.10545280
21.76	-0.09006640
21.78	-0.07678952
21.80	-0.06558680
21.82	-0.05635160
21.84	-0.04892136
21.86	-0.04309688
21.88	-0.03866408
21.90	-0.03541424
21.92	-0.03316072
21.94	-0.03175080
21.96	-0.03107200
21.98	-0.03105168
22.00	-0.03164912
22.02	-0.03284440
22.04	-0.03462392
22.06	-0.03696664
22.08	-0.03983376
22.10	-0.04316456
22.12	-0.04688024
22.14	-0.05089504
22.16	-0.05513280
22.18	-0.05954776
22.20	-0.06414400
22.22	-0.06898848
22.24	-0.07421440
22.26	-0.08001280
22.28	-0.08661120
22.30	-0.09423840
22.32	-0.10308800
22.34	-0.11326960
22.36	-0.12478160
22.38	-0.13748080
22.40	-0.15108000
22.42	-0.16516080
22.44	-0.17920960
22.46	-0.19267040
22.48	-0.20500320
22.50	-0.21574240
22.52	-0.22455680
22.54	-0.23127920
22.56	-0.23592320
22.58	-0.23866880
22.60	-0.23983040
22.62	-0.23980400
22.64	-0.23900480
22.66	-0.23780640
22.68	-0.23649120
22.70	-0.23521520
22.72	-0.23400000
22.74	-0.23274160
22.76	-0.23124640
22.78	-0.22926800
22.80	-0.22655920
22.82	-0.22291120
22.84	-0.21818400
22.86	-0.21231280
22.88	-0.20530000
22.90	-0.19719280
22.92	-0.18804240
22.94	-0.17787120
22.96	-0.16663920
22.98	-0.15422720
23.00	-0.14044400
23.02	-0.12503840
23.04	-0.10774640
23.06	-0.08833520
23.08	-0.06665352
23.10	-0.04267480
23.12	-0.01651752
23.14	0.01154808
23.16	0.04111696
23.18	0.07169176
23.20	0.10274080
23.22	0.13375680
23.24	0.16430640
23.26	0.19408160
23.28	0.22292000
23.30	0.25080400
23.32	0.27783280
23.34	0.30418160
23.36	0.33005360
23.38	0.35561600
23.40	0.38095200
23.42	0.40602240
23.44	0.43065600
23.46	0.45454560
23.48	0.47726880
23.50	0.49832560
23.52	0.51718320
23.54	0.53332000
23.56	0.54626240
23.58	0.55562080
23.60	0.56110880
23.62	0.56255600
23.64	0.55990400
23.66	0.55320240
23.68	0.54259760
23.70	0.52831760
23.72	0.51066000
23.74	0.48997760
23.76	0.46665840
23.78	0.44110880
23.80	0.41373200
23.82	0.38490560
23.84	0.35496080
23.86	0.32415120
23.88	0.29264800
23.90	0.26053360
23.92	0.22780640
23.94	0.19440400
23.96	0.16023440
23.98	0.12522880
24.00	0.08938320
24.02	0.05279640
24.04	0.01570480
24.06	-0.02150024
24.08	-0.05828872
24.10	-0.09402080
24.12	-0.12800480
24.14	-0.15956000
24.16	-0.18808080
24.18	-0.21310800
24.20	-0.23437600
24.22	-0.25183280
24.24	-0.26563520
24.26	-0.27611360
24.28	-0.28372320
24.30	-0.28896080
24.32	-0.29229520
24.34	-0.29409680
24.36	-0.29458240
24.38	-0.29379360
24.40	-0.29159760
24.42	-0.28772000
24.44	-0.28179760
24.46	-0.27345120
24.48	-0.26235520
24.50	-0.24830960
24.52	-0.23128000
24.54	-0.21142960
24.56	-0.18911360
24.58	-0.16485040
24.60	-0.13927360
24.62	-0.11305920
24.64	-0.08686400
24.66	-0.06125864
24.68	-0.03667744
24.70	-0.01338168
24.72	0.00854544
24.74	0.02918328
24.76	0.04874160
24.78	0.06751312
24.80	0.08581360
24.82	0.10392400
24.84	0.12203600
24.86	0.14022000
24.88	0.15839840
24.90	0.17633920
24.92	0.19367840
24.94	0.20995200
24.96	0.22464240
24.98	0.23723280
25.00	0.24726560
25.02	0.25439600
25.04	0.25842960
25.06	0.25935040
25.08	0.25732320
25.10	0.25268080
25.12	0.24588560
25.14	0.23748240
25.16	0.22803200
25.18	0.21805520
25.20	0.20796880
25.22	0.19804240
25.24	0.18838000
25.26	0.17891200
25.28	0.16941920
25.30	0.15957520
25.32	0.14900800
25.34	0.13735920
25.36	0.12434320
25.38	0.10980080
25.40	0.09372720
25.42	0.07627544
25.44	0.05773928
25.46	0.03851304
25.48	0.01903952
25.50	-0.00025210
25.52	-0.01900480
25.54	-0.03697640
25.56	-0.05406296
25.58	-0.07030344
25.60	-0.08586160
25.62	-0.10098720
25.64	-0.11596640
25.66	-0.13106960
25.68	-0.14651120
25.70	-0.16241600
25.72	-0.17880400
25.74	-0.19560160
25.76	-0.21266240
25.78	-0.22980400
25.80	-0.24685280
25.82	-0.26367440
25.84	-0.28020160
25.86	-0.29644720
25.88	-0.31249600
25.90	-0.32847280
25.92	-0.34451280
25.94	-0.36071360
25.96	-0.37709760
25.98	-0.39357600
26.00	-0.40993600
26.02	-0.42584400
26.04	-0.44087280
26.06	-0.45453440
26.08	-0.46633760
26.10	-0.47584400
26.12	-0.48272000
26.14	-0.48677360
26.16	-0.48798560
26.18	-0.48651360
26.20	-0.48267360
26.22	-0.47690800
26.24	-0.46974000
26.26	-0.46172000
26.28	-0.45336560
26.30	-0.44511760
26.32	-0.43729760
26.34	-0.43008480
26.36	-0.42350720
26.38	-0.41745280
26.40	-0.41169280
26.42	-0.40591600
26.44	-0.39977200
26.46	-0.39291040
26.48	-0.38502880
26.50	-0.37589760
26.52	-0.36538240
26.54	-0.35344880
26.56	-0.34015600
26.58	-0.32563520
26.60	-0.31005120
26.62	-0.29356800
26.64	-0.27630960
26.66	-0.25832480
26.68	-0.23956240
26.70	-0.21986160
26.72	-0.19895920
26.74	-0.17651680
26.76	-0.15215920
26.78	-0.12551600
26.80	-0.09627760
26.82	-0.06424040
26.84	-0.02934216
26.86	0.00832632
26.88	0.04851976
26.90	0.09085600
26.92	0.13485600
26.94	0.17999760
26.96	0.22576320
26.98	0.27167680
27.00	0.31734240
27.02	0.36246320
27.04	0.40682720
27.06	0.45028560
27.08	0.49271360
27.10	0.53397120
27.12	0.57386320
27.14	0.61209680
27.16	0.64828080
27.18	0.68192640
27.20	0.71248080
27.22	0.73936480
27.24	0.76202880
27.26	0.78000400
27.28	0.79295360
27.30	0.80069600
27.32	0.80322400
27.34	0.80068000
27.36	0.79333120
27.38	0.78152640
27.40	0.76564800
27.42	0.74606640
27.44	0.72310560
27.46	0.69702880
27.48	0.66804400
27.50	0.63632800
27.52	0.60205040
27.54	0.56542160
27.56	0.52672640
27.58	0.48634640
27.60	0.44476320
27.62	0.40254960
27.64	0.36034080
27.66	0.31878720
27.68	0.27850640
27.70	0.24002960
27.72	0.20376720
27.74	0.16999040
27.76	0.13882240
27.78	0.11025680
27.80	0.08418800
27.82	0.06045872
27.84	0.03890280
27.86	0.01938120
27.88	0.00181477
27.90	-0.01380064
27.92	-0.02739912
27.94	-0.03886176
27.96	-0.04804264
27.98	-0.05479976
28.00	-0.05902760
28.02	-0.06068216
28.04	-0.05979504
28.06	-0.05647904
28.08	-0.05092224
28.10	-0.04337432
28.12	-0.03412832
28.14	-0.02350360
28.16	-0.01182864
28.18	0.00056997
28.20	0.01337608
28.22	0.02628576
28.24	0.03900576
28.26	0.05125472
28.28	0.06276424
28.30	0.07328024
28.32	0.08256560
28.34	0.09040800
28.36	0.09662080
28.38	0.10104960
28.40	0.10356560
28.42	0.10406240
28.44	0.10244800
28.46	0.09863440
28.48	0.09253280
28.50	0.08404960
28.52	0.07309344
28.54	0.05958776
28.56	0.04349392
28.58	0.02483736
28.60	0.00373102
28.62	-0.01960152
28.64	-0.04481304
28.66	-0.07143984
28.68	-0.09892080
28.70	-0.12663840
28.72	-0.15396800
28.74	-0.18033280
28.76	-0.20526480
28.78	-0.22845280
28.80	-0.24977440
28.82	-0.26929920
28.84	-0.28728000
28.86	-0.30411120
28.88	-0.32027200
28.90	-0.33625680
28.92	-0.35250800
28.94	-0.36935600
28.96	-0.38698000
28.98	-0.40538160
29.00	-0.42439360
29.02	-0.44371200
29.04	-0.46293840
29.06	-0.48164000
29.08	-0.49940240
29.10	-0.51588880
29.12	-0.53086800
29.14	-0.54423440
29.16	-0.55599920
29.18	-0.56627360
29.20	-0.57522560
29.22	-0.58304320
29.24	-0.58989040
29.26	-0.59587440
29.28	-0.60103040
29.30	-0.60531280
29.32	-0.60861440
29.34	-0.61078720
29.36	-0.61167680
29.38	-0.61115840
29.40	-0.60916320
29.42	-0.60570000
29.44	-0.60085760
29.46	-0.59479440
29.48	-0.58771520
29.50	-0.57983920
29.52	-0.57135520
29.54	-0.56239200
29.56	-0.55298480
29.58	-0.54305920
29.60	-0.53243360
29.62	-0.52082960
29.64	-0.50791200
29.66	-0.49332800
29.68	-0.47675680
29.70	-0.45796240
29.72	-0.43683600
29.74	-0.41342640
29.76	-0.38795200
29.78	-0.36079200
29.80	-0.33246000
29.82	-0.30355920
29.84	-0.27472640
29.86	-0.24656240
29.88	-0.21957680
29.90	-0.19413680
29.92	-0.17043200
29.94	-0.14845600
29.96	-0.12802320
29.98	-0.10879600
30.00	-0.09033520
30.02	-0.07215864
30.04	-0.05380344
30.06	-0.03488752
30.08	-0.01515056
30.10	0.00552323
30.12	0.02710208
30.14	0.04942456
30.16	0.07224136
30.18	0.09526880
30.20	0.11824240
30.22	0.14096560
30.24	0.16335120
30.26	0.18543680
30.28	0.20738800
30.30	0.22946880
30.32	0.25199760
30.34	0.27529840
30.36	0.29964240
30.38	0.32520240
30.40	0.35200560
30.42	0.37992320
30.44	0.40867360
30.46	0.43784400
30.48	0.46692800
30.50	0.49537520
30.52	0.52265120
30.54	0.54827680
30.56	0.57186640
30.58	0.59315040
30.60	0.61198160
30.62	0.62832320
30.64	0.64222480
30.66	0.65379120
30.68	0.66315840
30.70	0.67045520
30.72	0.67578960
30.74	0.67922880
30.76	0.68080160
30.78	0.68050000
30.80	0.67829040
30.82	0.67412160
30.84	0.66794240
30.86	0.65970960
30.88	0.64939600
30.90	0.63699840
30.92	0.62254240
30.94	0.60608240
30.96	0.58771280
30.98	0.56757200
31.00	0.54584960
31.02	0.52278800
31.04	0.49869120
31.06	0.47391680
31.08	0.44887360
31.10	0.42399520
31.12	0.39972240
31.14	0.37647920
31.16	0.35464000
31.18	0.33450400
31.20	0.31627840
31.22	0.30006960
31.24	0.28588560
31.26	0.27364960
31.28	0.26322000
31.30	0.25442320
31.32	0.24707920
31.34	0.24102560
31.36	0.23613360
31.38	0.23231520
31.40	0.22951680
31.42	0.22770400
31.44	0.22684000
31.46	0.22686480
31.48	0.22767520
31.50	0.22911440
31.52	0.23096880
31.54	0.23298080
31.56	0.23486400
31.58	0.23633200
31.60	0.23712320
31.62	0.23702160
31.64	0.23587680
31.66	0.23360160
31.68	0.23017360
31.70	0.22561280
31.72	0.21996240
31.74	0.21326560
31.76	0.20554480
31.78	0.19678960
31.80	0.18695680
31.82	0.17597920
31.84	0.16378880
31.86	0.15033520
31.88	0.13561680
31.90	0.11970400
31.92	0.10274640
31.94	0.08497200
31.96	0.06667584
31.98	0.04819216
32.00	0.02985872
32.02	0.01197992
32.04	-0.00520573
32.06	-0.02155520
32.08	-0.03702840
32.10	-0.05168064
32.12	-0.06564816
32.14	-0.07911488
32.16	-0.09227440
32.18	-0.10528960
32.20	-0.11826320
32.22	-0.13121440
32.24	-0.14407440
32.26	-0.15669040
32.28	-0.16885600
32.30	-0.18034320
32.32	-0.19094080
32.34	-0.20049680
32.36	-0.20894480
32.38	-0.21632480
32.40	-0.22279040
32.42	-0.22859360
32.44	-0.23406000
32.46	-0.23955520
32.48	-0.24544240
32.50	-0.25204320
32.52	-0.25960560
32.54	-0.26827520
32.56	-0.27808800
32.58	-0.28897440
32.60	-0.30076800
32.62	-0.31323680
32.64	-0.32611040
32.66	-0.33911520
32.68	-0.35200320
32.70	-0.36457120
32.72	-0.37668320
32.74	-0.38826800
32.76	-0.39931040
32.78	-0.40984000
32.80	-0.41990960
32.82	-0.42957040
32.84	-0.43885280
32.86	-0.44774720
32.88	-0.45619440
32.90	-0.46408800
32.92	-0.47128240
32.94	-0.47760720
32.96	-0.48289200
32.98	-0.48698960
33.00	-0.48980000
33.02	-0.49128320
33.04	-0.49147200
33.06	-0.49046560
33.08	-0.48841760
33.10	-0.48551600
33.12	-0.48195280
33.14	-0.47789360
33.16	-0.47345760
33.18	-0.46869120
33.20	-0.46356880
33.22	-0.45799440
33.24	-0.45182480
33.26	-0.44489920
33.28	-0.43707760
33.30	-0.42827440
33.32	-0.41849360
33.34	-0.40784560
33.36	-0.39654960
33.38	-0.38492000
33.40	-0.37333120
33.42	-0.36217600
33.44	-0.35181120
33.46	-0.34250960
33.48	-0.33441120
33.50	-0.32750320
33.52	-0.32160720
33.54	-0.31640240
33.56	-0.31145600
33.58	-0.30627680
33.60	-0.30037920
33.62	-0.29333840
33.64	-0.28484320
33.66	-0.27472480
33.68	-0.26297280
33.70	-0.24971760
33.72	-0.23519760
33.74	-0.21970880
33.76	-0.20355200
33.78	-0.18697360
33.80	-0.17012400
33.82	-0.15302480
33.84	-0.13557120
33.86	-0.11754160
33.88	-0.09864080
33.90	-0.07854016
33.92	-0.05693880
33.94	-0.03361608
33.96	-0.00846720
33.98	0.01847224
34.00	0.04702416
34.02	0.07688576
34.04	0.10766080
34.06	0.13891440
34.08	0.17021520
34.10	0.20117520
34.12	0.23149360
34.14	0.26097280
34.16	0.28952000
34.18	0.31713360
34.20	0.34387520
34.22	0.36983920
34.24	0.39510720
34.26	0.41971600
34.28	0.44363120
34.30	0.46673520
34.32	0.48882240
34.34	0.50961520
34.36	0.52878320
34.38	0.54596800
34.40	0.56082400
34.42	0.57304160
34.44	0.58236800
34.46	0.58863600
34.48	0.59176640
34.50	0.59177200
34.52	0.58875600
34.54	0.58289680
34.56	0.57443360
34.58	0.56365200
34.60	0.55086400
34.62	0.53639440
34.64	0.52056240
34.66	0.50367040
34.68	0.48599440
34.70	0.46777760
34.72	0.44922320
34.74	0.43049760
34.76	0.41173440
34.78	0.39303920
34.80	0.37450000
34.82	0.35619280
34.84	0.33819440
34.86	0.32058800
34.88	0.30347200
34.90	0.28695360
34.92	0.27115120
34.94	0.25618560
34.96	0.24216720
34.98	0.22918160
35.00	0.21727680
35.02	0.20645360
35.04	0.19665600
35.06	0.18777040
35.08	0.17962880
35.10	0.17202720
35.12	0.16473280
35.14	0.15750880
35.16	0.15013520
35.18	0.14242240
35.20	0.13423200
35.22	0.12547760
35.24	0.11612960
35.26	0.10620960
35.28	0.09577280
35.30	0.08489440
35.32	0.07364600
35.34	0.06207912
35.36	0.05020816
35.38	0.03800136
35.40	0.02537512
35.42	0.01220120
35.44	-0.00167713
35.46	-0.01642816
35.48	-0.03220600
35.50	-0.04912312
35.52	-0.06722464
35.54	-0.08646480
35.56	-0.10669680
35.58	-0.12766720
35.60	-0.14901440
35.62	-0.17029200
35.64	-0.19099520
35.66	-0.21059600
35.68	-0.22858240
35.70	-0.24449680
35.72	-0.25797920
35.74	-0.26879200
35.76	-0.27683600
35.78	-0.28215760
35.80	-0.28493440
35.82	-0.28545280
35.84	-0.28406880
35.86	-0.28116560
35.88	-0.27710880
35.90	-0.27220400
35.92	-0.26666480
35.94	-0.26059680
35.96	-0.25399440
35.98	-0.24675520
36.00	-0.23870880
36.02	-0.22965520
36.04	-0.21941040
36.06	-0.20784400
36.08	-0.19491280
36.10	-0.18069040
36.12	-0.16536160
36.14	-0.14921920
36.16	-0.13263600
36.18	-0.11602720
36.20	-0.09981360
36.22	-0.08437760
36.24	-0.07003048
36.26	-0.05699592
36.28	-0.04539808
36.30	-0.03526896
36.32	-0.02656760
36.34	-0.01920672
36.36	-0.01308248
36.38	-0.00810216
36.40	-0.00420181
36.42	-0.00135738
36.44	0.00041806
36.46	0.00108858
36.48	0.00061600
36.50	-0.00101619
36.52	-0.00378067
36.54	-0.00759058
36.56	-0.01229544
36.58	-0.01768744
36.60	-0.02351816
36.62	-0.02952624
36.64	-0.03546752
36.66	-0.04114504
36.68	-0.04643200
36.70	-0.05128432
36.72	-0.05574160
36.74	-0.05991240
36.76	-0.06394824
36.78	-0.06801192
36.80	-0.07224216
36.82	-0.07672136
36.84	-0.08145360
36.86	-0.08635280
36.88	-0.09125040
36.90	-0.09591280
36.92	-0.10007280
36.94	-0.10346880
36.96	-0.10588400
36.98	-0.10718560
37.00	-0.10734560
37.02	-0.10645680
37.04	-0.10472880
37.06	-0.10246720
37.08	-0.10004000
37.10	-0.09783600
37.12	-0.09622000
37.14	-0.09548960
37.16	-0.09583600
37.18	-0.09732640
37.20	-0.09988960
37.22	-0.10332800
37.24	-0.10733920
37.26	-0.11154640
37.28	-0.11554240
37.30	-0.11893200
37.32	-0.12137280
37.34	-0.12260400
37.36	-0.12247040
37.38	-0.12093120
37.40	-0.11804880
37.42	-0.11397200
37.44	-0.10890800
37.46	-0.10308640
37.48	-0.09672320
37.50	-0.08998960
37.52	-0.08298160
37.54	-0.07571400
37.56	-0.06810968
37.58	-0.06001584
37.60	-0.05122592
37.62	-0.04150896
37.64	-0.03064432
37.66	-0.01845600
37.68	-0.00484154
37.70	0.01020728
37.72	0.02660088
37.74	0.04415560
37.76	0.06260792
37.78	0.08164720
37.80	0.10094720
37.82	0.12020320
37.84	0.13915760
37.86	0.15762640
37.88	0.17551040
37.90	0.19278640
37.92	0.20949280
37.94	0.22570400
37.96	0.24149760
37.98	0.25691920
38.00	0.27195360
38.02	0.28650320
38.04	0.30037840
38.06	0.31330560
38.08	0.32494640
38.10	0.33492080
38.12	0.34284960
38.14	0.34839040
38.16	0.35127280
38.18	0.35132480
38.20	0.34848800
38.22	0.34282160
38.24	0.33448880
38.26	0.32374000
38.28	0.31088080
38.30	0.29624480
38.32	0.28015920
38.34	0.26292000
38.36	0.24477680
38.38	0.22591440
38.40	0.20645680
38.42	0.18648080
38.44	0.16601840
38.46	0.14507760
38.48	0.12366080
38.50	0.10177840
38.52	0.07946856
38.54	0.05680312
38.56	0.03389232
38.58	0.01088976
38.60	-0.01200504
38.62	-0.03455808
38.64	-0.05650728
38.66	-0.07757368
38.68	-0.09747520
38.70	-0.11593920
38.72	-0.13272560
38.74	-0.14763520
38.76	-0.16052560
38.78	-0.17132000
38.80	-0.18001680
38.82	-0.18668720
38.84	-0.19147200
38.86	-0.19456560
38.88	-0.19620640
38.90	-0.19665680
38.92	-0.19618320
38.94	-0.19504640
38.96	-0.19348480
38.98	-0.19171520
39.00	-0.18992720
39.02	-0.18829360
39.04	-0.18697600
39.06	-0.18612960
39.08	-0.18591280
39.10	-0.18648640
39.12	-0.18800640
39.14	-0.19061280
39.16	-0.19441520
39.18	-0.19947200
39.20	-0.20577920
39.22	-0.21325360
39.24	-0.22173840
39.26	-0.23100400
39.28	-0.24076800
39.30	-0.25072240
39.32	-0.26056480
39.34	-0.27002480
39.36	-0.27889200
39.38	-0.28703440
39.40	-0.29439520
39.42	-0.30098800
39.44	-0.30686880
39.46	-0.31210960
39.48	-0.31676400
39.50	-0.32083120
39.52	-0.32423840
39.54	-0.32682960
39.56	-0.32837200
39.58	-0.32857840
39.60	-0.32714000
39.62	-0.32377120
39.64	-0.31825040
39.66	-0.31045600
39.68	-0.30039280
39.70	-0.28820000
39.72	-0.27413760
39.74	-0.25856480
39.76	-0.24190080
39.78	-0.22458000
39.80	-0.20700720
39.82	-0.18951680
39.84	-0.17235200
39.86	-0.15565200
39.88	-0.13945520
39.90	-0.12371840
39.92	-0.10834880
39.94	-0.09323360
39.96	-0.07826656
39.98	-0.06337744
40.00	-0.04854168
40.02	-0.03378464
40.04	-0.01917488
40.06	-0.00480517
40.08	0.00922312
40.10	0.02281456
40.12	0.03589736
40.14	0.04842744
40.16	0.06038672
40.18	0.07177488
40.20	0.08259520
40.22	0.09284320
40.24	0.10249600
40.26	0.11149920
40.28	0.11977680
40.30	0.12723760
40.32	0.13378480
40.34	0.13934080
40.36	0.14385600
40.38	0.14732640
40.40	0.14979600
40.42	0.15135520
40.44	0.15212640
40.46	0.15224800
40.48	0.15185200
40.50	0.15104240
40.52	0.14988000
40.54	0.14837440
40.56	0.14648640
40.58	0.14413680
40.60	0.14123440
40.62	0.13769680
40.64	0.13348320
40.66	0.12861600
40.68	0.12319920
40.70	0.11742560
40.72	0.11156720
40.74	0.10595680
40.76	0.10096160
40.78	0.09694000
40.80	0.09421200
40.82	0.09301520
40.84	0.09348720
40.86	0.09564400
40.88	0.09938480
40.90	0.10450320
40.92	0.11071440
40.94	0.11769120
40.96	0.12510560
40.98	0.13267040
41.00	0.14017280
41.02	0.14750000
41.04	0.15464960
41.06	0.16173040
41.08	0.16893840
41.10	0.17652960
41.12	0.18477600
41.14	0.19392640
41.16	0.20415920
41.18	0.21555280
41.20	0.22805600
41.22	0.24148720
41.24	0.25554160
41.26	0.26981120
41.28	0.28382880
41.30	0.29711360
41.32	0.30921920
41.34	0.31977760
41.36	0.32853600
41.38	0.33537520
41.40	0.34031440
41.42	0.34349440
41.44	0.34514720
41.46	0.34555600
41.48	0.34500560
41.50	0.34374160
41.52	0.34192960
41.54	0.33963440
41.56	0.33681040
41.58	0.33331040
41.60	0.32891440
41.62	0.32336080
41.64	0.31638960
41.66	0.30778240
41.68	0.29739520
41.70	0.28518400
41.72	0.27120960
41.74	0.25563280
41.76	0.23870320
41.78	0.22072800
41.80	0.20204720
41.82	0.18300080
41.84	0.16390800
41.86	0.14505200
41.88	0.12666560
41.90	0.10893680
41.92	0.09201360
41.94	0.07600936
41.96	0.06101216
41.98	0.04708992
42.00	0.03429408
42.02	0.02265896
42.04	0.01220112
42.06	0.00291442
42.08	-0.00522681
42.10	-0.01226272
42.12	-0.01824208
42.14	-0.02320992
42.16	-0.02719440
42.18	-0.03019600
42.20	-0.03218128
42.22	-0.03308480
42.24	-0.03281944
42.26	-0.03129592
42.28	-0.02845016
42.30	-0.02427152
42.32	-0.01883040
42.34	-0.01229632
42.36	-0.00494577
42.38	0.00284925
42.40	0.01064440
42.42	0.01795936
42.44	0.02432632
42.46	0.02933752
42.48	0.03268744
42.50	0.03420184
42.52	0.03384960
42.54	0.03173360
42.56	0.02806224
42.58	0.02310616
42.60	0.01714800
42.62	0.01043120
42.64	0.00311788
42.66	-0.00473637
42.68	-0.01318832
42.70	-0.02239016
42.72	-0.03255824
42.74	-0.04392472
42.76	-0.05668512
42.78	-0.07095472
42.80	-0.08673520
42.82	-0.10390160
42.84	-0.12220560
42.86	-0.14130800
42.88	-0.16082080
42.90	-0.18035840
42.92	-0.19958480
42.94	-0.21825760
42.96	-0.23625280
42.98	-0.25356960
43.00	-0.27031040
43.02	-0.28664720
43.04	-0.30277280
43.06	-0.31885120
43.08	-0.33497040
43.10	-0.35110320
43.12	-0.36709520
43.14	-0.38267120
43.16	-0.39745600
43.18	-0.41102000
43.20	-0.42292720
43.22	-0.43279200
43.24	-0.44032400
43.26	-0.44536000
43.28	-0.44787920
43.30	-0.44800400
43.32	-0.44597040
43.34	-0.44209360
43.36	-0.43672080
43.38	-0.43018320
43.40	-0.42274720
43.42	-0.41459120
43.44	-0.40578240
43.46	-0.39627920
43.48	-0.38594880
43.50	-0.37459680
43.52	-0.36201040
43.54	-0.34800160
43.56	-0.33244160
43.58	-0.31530080
43.60	-0.29666400
43.62	-0.27673520
43.64	-0.25582400
43.66	-0.23431840
43.68	-0.21264480
43.70	-0.19122640
43.72	-0.17042960
43.74	-0.15053280
43.76	-0.13169600
43.78	-0.11394560
43.80	-0.09717760
43.82	-0.08118240
43.84	-0.06567520
43.86	-0.05034960
43.88	-0.03491840
43.90	-0.01916504
43.92	-0.00298200
43.94	0.01361304
43.96	0.03047416
43.98	0.04734592
44.00	0.06389936
44.02	0.07977952
44.04	0.09465760
44.06	0.10828480
44.08	0.12052560
44.10	0.13137840
44.12	0.14097360
44.14	0.14955200
44.16	0.15741680
44.18	0.16488480
44.20	0.17222080
44.22	0.17958800
44.24	0.18701280
44.26	0.19436400
44.28	0.20136480
44.30	0.20763040
44.32	0.21271920
44.34	0.21620160
44.36	0.21772800
44.38	0.21708640
44.40	0.21424400
44.42	0.20936080
44.44	0.20277760
44.46	0.19497440
44.48	0.18651520
44.50	0.17797440
44.52	0.16987120
44.54	0.16260240
44.56	0.15641040
44.58	0.15136400
44.60	0.14737120
44.62	0.14421360
44.64	0.14159520
44.66	0.13920560
44.68	0.13677440
44.70	0.13411440
44.72	0.13115360
44.74	0.12793840
44.76	0.12461520
44.78	0.12140160
44.80	0.11854080
44.82	0.11625120
44.84	0.11469120
44.86	0.11392240
44.88	0.11390560
44.90	0.11449920
44.92	0.11548560
44.94	0.11660320
44.96	0.11758640
44.98	0.11820480
45.00	0.11829280
45.02	0.11777040
45.04	0.11664800
45.06	0.11501920
45.08	0.11303600
45.10	0.11088560
45.12	0.10875680
45.14	0.10681040
45.16	0.10515680
45.18	0.10384400
45.20	0.10285440
45.22	0.10211040
45.24	0.10148720
45.26	0.10083760
45.28	0.10000880
45.30	0.09886320
45.32	0.09729680
45.34	0.09524960
45.36	0.09270640
45.38	0.08970160
45.40	0.08630480
45.42	0.08261760
45.44	0.07875552
45.46	0.07483664
45.48	0.07096736
45.50	0.06723248
45.52	0.06368776
45.54	0.06035456
45.56	0.05722088
45.58	0.05424592
45.60	0.05136576
45.62	0.04850328
45.64	0.04557840
45.66	0.04251744
45.68	0.03926136
45.70	0.03577048
45.72	0.03202400
45.74	0.02801752
45.76	0.02375720
45.78	0.01925008
45.80	0.01449632
45.82	0.00948248
45.84	0.00417902
45.86	-0.00145618
45.88	-0.00747163
45.90	-0.01390872
45.92	-0.02078496
45.94	-0.02808112
45.96	-0.03572840
45.98	-0.04360304
46.00	-0.05152888
46.02	-0.05928848
46.04	-0.06664472
46.06	-0.07336512
46.08	-0.07924816
46.10	-0.08415040
46.12	-0.08800640
46.14	-0.09083360
46.16	-0.09273520
46.18	-0.09388080
46.20	-0.09448400
46.22	-0.09477200
46.24	-0.09495360
46.26	-0.09519360
46.28	-0.09559040
46.30	-0.09617360
46.32	-0.09690800
46.34	-0.09770720
46.36	-0.09845920
46.38	-0.09905680
46.40	-0.09941840
46.42	-0.09951040
46.44	-0.09935360
46.46	-0.09902480
46.48	-0.09864320
46.50	-0.09835280
46.52	-0.09829840
46.54	-0.09860960
46.56	-0.09938560
46.58	-0.10068560
46.60	-0.10253920
46.62	-0.10495120
46.64	-0.10792080
46.66	-0.11145520
46.68	-0.11558000
46.70	-0.12034240
46.72	-0.12580480
46.74	-0.13202400
46.76	-0.13902960
46.78	-0.14679440
46.80	-0.15521280
46.82	-0.16408560
46.84	-0.17311760
46.86	-0.18193360
46.88	-0.19011040
46.90	-0.19721200
46.92	-0.20284320
46.94	-0.20668800
46.96	-0.20855200
46.98	-0.20837840
47.00	-0.20624880
47.02	-0.20236240
47.04	-0.19700000
47.06	-0.19046880
47.08	-0.18305360
47.10	-0.17496720
47.12	-0.16630960
47.14	-0.15705600
47.16	-0.14706080
47.18	-0.13608160
47.20	-0.12382480
47.22	-0.10999840
47.24	-0.09436080
47.26	-0.07677984
47.28	-0.05725376
47.30	-0.03592896
47.32	-0.01309080
47.34	0.01086360
47.36	0.03546464
47.38	0.06022536
47.40	0.08468480
47.42	0.10844400
47.44	0.13119840
47.46	0.15274720
47.48	0.17298480
47.50	0.19188480
47.52	0.20946720
47.54	0.22577040
47.56	0.24081920
47.58	0.25460240
47.60	0.26706080
47.62	0.27809360
47.64	0.28756320
47.66	0.29532160
47.68	0.30122880
47.70	0.30517760
47.72	0.30711200
47.74	0.30703840
47.76	0.30502480
47.78	0.30119760
47.80	0.29572240
47.82	0.28879200
47.84	0.28060080
47.86	0.27133040
47.88	0.26113040
47.90	0.25011680
47.92	0.23836880
47.94	0.22593520
47.96	0.21284160
47.98	0.19910800
48.00	0.18476320
48.02	0.16985840
48.04	0.15447600
48.06	0.13873920
48.08	0.12281680
48.10	0.10691840
48.12	0.09128320
48.14	0.07617272
48.16	0.06185376
48.18	0.04858168
48.20	0.03658560
48.22	0.02604960
48.24	0.01710432
48.26	0.00982080
48.28	0.00420551
48.30	0.00020456
48.32	-0.00228770
48.34	-0.00341642
48.36	-0.00335144
48.38	-0.00227166
48.40	-0.00035029
48.42	0.00225594
48.44	0.00541437
48.46	0.00901904
48.48	0.01298864
48.50	0.01726088
48.52	0.02178432
48.54	0.02651072
48.56	0.03138664
48.58	0.03634712
48.60	0.04131384
48.62	0.04619528
48.64	0.05088888
48.66	0.05528512
48.68	0.05927168
48.70	0.06273640
48.72	0.06557104
48.74	0.06767064
48.76	0.06893384
48.78	0.06926384
48.80	0.06856904
48.82	0.06676656
48.84	0.06378752
48.86	0.05958544
48.88	0.05414352
48.90	0.04748328
48.92	0.03967184
48.94	0.03082192
48.96	0.02108904
48.98	0.01066176
49.00	-0.00025250
49.02	-0.01144328
49.04	-0.02271800
49.06	-0.03391424
49.08	-0.04490696
49.10	-0.05561264
49.12	-0.06598216
49.14	-0.07598632
49.16	-0.08559760
49.18	-0.09477120
49.20	-0.10342560
49.22	-0.11144000
49.24	-0.11864960
49.26	-0.12485760
49.28	-0.12986080
49.30	-0.13347520
49.32	-0.13556880
49.34	-0.13608880
49.36	-0.13508160
49.38	-0.13269520
49.40	-0.12917360
49.42	-0.12482720
49.44	-0.12000080
49.46	-0.11502800
49.48	-0.11018800
49.50	-0.10567040
49.52	-0.10155520
49.54	-0.09780320
49.56	-0.09427760
49.58	-0.09076960
49.60	-0.08704240
49.62	-0.08288160
49.64	-0.07813720
49.66	-0.07275928
49.68	-0.06681608
49.70	-0.06049312
49.72	-0.05407088
49.74	-0.04788952
49.76	-0.04230368
49.78	-0.03763192
49.80	-0.03411392
49.82	-0.03187896
49.84	-0.03093224
49.86	-0.03115840
49.88	-0.03234352
49.90	-0.03420984
49.92	-0.03645720
49.94	-0.03880552
49.96	-0.04103016
49.98	-0.04298696
50.00	0.00000000