0.00	0.00255908
0.02	0.00731262
0.04	0.01091616
0.06	0.01243760
0.08	0.01076600
0.10	0.00466295
0.12	-0.00710218
0.14	-0.02555136
0.16	-0.05127120
0.18	-0.08421040
0.20	-0.12355200
0.22	-0.16770640
0.24	-0.21443200
0.26	-0.26110320
0.28	-0.30506080
0.30	-0.34401920
0.32	-0.37644160
0.34	-0.40181920
0.36	-0.42079440
0.38	-0.43509520
0.40	-0.44727280
0.42	-0.46027920
0.44	-0.47694080
0.46	-0.49941200
0.48	-0.52870160
0.50	-0.56435360
0.52	-0.60433360
0.54	-0.64517040
0.56	-0.68231680
0.58	-0.71070720
0.60	-0.72541600
0.62	-0.72234400
0.64	-0.69882000
0.66	-0.65404240
0.68	-0.58931040
0.70	-0.50800880
0.72	-0.41535920
0.74	-0.31799440
0.76	-0.22338960
0.78	-0.13925440
0.80	-0.07292784
0.82	-0.03084976
0.84	-0.01812184
0.86	-0.03818040
0.88	-0.09256000
0.90	-0.18072480
0.92	-0.29994000
0.94	-0.44516560
0.96	-0.60898160
0.98	-0.78156080
1.00	-0.95073600
1.02	-1.10224000
1.04	-1.22014400
1.06	-1.28762400
1.08	-1.28792000
1.10	-1.20568800
1.12	-1.02843200
1.14	-0.74807840
1.16	-0.36244720
1.18	0.12359680
1.20	0.69741360
1.22	1.33849600
1.24	2.01909600
1.26	2.70563200
1.28	3.36077600
1.30	3.94605600
1.32	4.42487200
1.34	4.76546400
1.36	4.94367200
1.38	4.94515200
1.40	4.76675200
1.42	4.41694400
1.44	3.91520000
1.46	3.29040800
1.48	2.57840000
1.50	1.81896000
1.52	1.05248800
1.54	0.31679440
1.56	-0.35576800
1.58	-0.94044800
1.60	-1.42144000
1.62	-1.79220000
1.64	-2.05494400
1.66	-2.21926400
1.68	-2.30020000
1.70	-2.31605600
1.72	-2.28608000
1.74	-2.22851200
1.76	-2.15899200
1.78	-2.08961600
1.80	-2.02855200
1.82	-1.98033600
1.84	-1.94646400
1.86	-1.92640800
1.88	-1.91855200
1.90	-1.92106400
1.92	-1.93246400
1.94	-1.95182400
1.96	-1.97851200
1.98	-2.01171200
2.00	-2.04964800
2.02	-2.08883200
2.04	-2.12348000
2.06	-2.14521600
2.08	-2.14323200
2.10	-2.10499200
2.12	-2.01736800
2.14	-1.86809600
2.16	-1.64752800
2.18	-1.35028800
2.20	-0.97662400
2.22	-0.53338720
2.24	-0.03427696
2.26	0.50059440
2.28	1.04588800
2.30	1.57285600
2.32	2.05165600
2.34	2.45384800
2.36	2.75493600
2.38	2.93652800
2.40	2.98804800
2.42	2.90766400
2.44	2.70245600
2.46	2.38775200
2.48	1.98574400
2.50	1.52348000
2.52	1.03057600
2.54	0.53670640
2.56	0.06927736
2.58	-0.34858560
2.60	-0.69954960
2.62	-0.97296000
2.64	-1.16509600
2.66	-1.27876800
2.68	-1.32243200
2.70	-1.30888800
2.72	-1.25370400
2.74	-1.17368000
2.76	-1.08525600
2.78	-1.00330400
2.80	-0.94005600
2.82	-0.90456000
2.84	-0.90236000
2.86	-0.93559200
2.88	-1.00333600
2.90	-1.10210400
2.92	-1.22652800
2.94	-1.36996800
2.96	-1.52517600
2.98	-1.68480800
3.00	-1.84182400
3.02	-1.98982400
3.04	-2.12317600
3.06	-2.23716000
3.08	-2.32798400
3.10	-2.39280800
3.12	-2.42969600
3.14	-2.43764800
3.16	-2.41652000
3.18	-2.36700800
3.20	-2.29055200
3.22	-2.18922400
3.24	-2.06552000
3.26	-1.92215200
3.28	-1.76176000
3.30	-1.58667200
3.32	-1.39865600
3.34	-1.19875200
3.36	-0.98724000
3.38	-0.76376320
3.40	-0.52750960
3.42	-0.27764960
3.44	-0.01378584
3.46	0.26351680
3.48	0.55225040
3.50	0.84858400
3.52	1.14668000
3.54	1.43868000
3.56	1.71505600
3.58	1.96511200
3.60	2.17774400
3.62	2.34234400
3.64	2.44972800
3.66	2.49307200
3.68	2.46859200
3.70	2.37608000
3.72	2.21906400
3.74	2.00474400
3.76	1.74347200
3.78	1.44810400
3.80	1.13306400
3.82	0.81338400
3.84	0.50364080
3.86	0.21708800
3.88	-0.03512072
3.90	-0.24447360
3.92	-0.40540960
3.94	-0.51539280
3.96	-0.57477920
3.98	-0.58651760
4.00	-0.55572080
4.02	-0.48917440
4.04	-0.39480640
4.06	-0.28116800
4.08	-0.15693760
4.10	-0.03047720
4.12	0.09056000
4.14	0.19956480
4.16	0.29123200
4.18	0.36175760
4.20	0.40895120
4.22	0.43225760
4.24	0.43269440
4.26	0.41269200
4.28	0.37584800
4.30	0.32661440
4.32	0.26993600
4.34	0.21087920
4.36	0.15426880
4.38	0.10438240
4.40	0.06471072
4.42	0.03781128
4.44	0.02525648
4.46	0.02766584
4.48	0.04480776
4.50	0.07574504
4.52	0.11899840
4.54	0.17270160
4.56	0.23473600
4.58	0.30282560
4.60	0.37460480
4.62	0.44766240
4.64	0.51957360
4.66	0.58794320
4.68	0.65047280
4.70	0.70505120
4.72	0.74988240
4.74	0.78362640
4.76	0.80554400
4.78	0.81561600
4.80	0.81463200
4.82	0.80418400
4.84	0.78663760
4.86	0.76494320
4.88	0.74245440
4.90	0.72264160
4.92	0.70879600
4.94	0.70373280
4.96	0.70952640
4.98	0.72730720
5.00	0.75713760
5.02	0.79797920
5.04	0.84775200
5.06	0.90348800
5.08	0.96152800
5.10	1.01779200
5.12	1.06808800
5.14	1.10836000
5.16	1.13501600
5.18	1.14511200
5.20	1.13654400
5.22	1.10820000
5.24	1.05997600
5.26	0.99276000
5.28	0.90839200
5.30	0.80947200
5.32	0.69920640
5.34	0.58118640
5.36	0.45915440
5.38	0.33678400
5.40	0.21747440
5.42	0.10418240
5.44	-0.00068464
5.46	-0.09532800
5.48	-0.17855920
5.50	-0.24975360
5.52	-0.30876720
5.54	-0.35583760
5.56	-0.39148560
5.58	-0.41643120
5.60	-0.43154400
5.62	-0.43782480
5.64	-0.43642400
5.66	-0.42868880
5.68	-0.41621200
5.70	-0.40088640
5.72	-0.38492320
5.74	-0.37084320
5.76	-0.36140640
5.78	-0.35950480
5.80	-0.36799920
5.82	-0.38953600
5.84	-0.42634400
5.86	-0.48004480
5.88	-0.55149120
5.90	-0.64064480
5.92	-0.74651600
5.94	-0.86716800
5.96	-0.99976000
5.98	-1.14067200
6.00	-1.28564800
6.02	-1.42996000
6.04	-1.56862400
6.06	-1.69658400
6.08	-1.80892000
6.10	-1.90108000
6.12	-1.96901600
6.14	-2.00942400
6.16	-2.01988800
6.18	-1.99903200
6.20	-1.94665600
6.22	-1.86379200
6.24	-1.75276800
6.26	-1.61713600
6.28	-1.46158400
6.30	-1.29176000
6.32	-1.11401600
6.34	-0.93509600
6.36	-0.76181600
6.38	-0.60067360
6.40	-0.45752880
6.42	-0.33728160
6.44	-0.24362160
6.46	-0.17885200
6.48	-0.14381520
6.50	-0.13789440
6.52	-0.15911360
6.54	-0.20430640
6.56	-0.26934560
6.58	-0.34940880
6.60	-0.43925760
6.62	-0.53351440
6.64	-0.62691360
6.66	-0.71451600
6.68	-0.79187520
6.70	-0.85516000
6.72	-0.90120000
6.74	-0.92756000
6.76	-0.93245600
6.78	-0.91479200
6.80	-0.87406400
6.82	-0.81035200
6.84	-0.72426960
6.86	-0.61694000
6.88	-0.49001680
6.90	-0.34568400
6.92	-0.18667920
6.94	-0.01629544
6.96	0.16163760
6.98	0.34281040
7.00	0.52254400
7.02	0.69595840
7.04	0.85819200
7.06	1.00468000
7.08	1.13142400
7.10	1.23529600
7.12	1.31428800
7.14	1.36769600
7.16	1.39621600
7.18	1.40192800
7.20	1.38818400
7.22	1.35933600
7.24	1.32043200
7.26	1.27682400
7.28	1.23373600
7.30	1.19588800
7.32	1.16719200
7.34	1.15046400
7.36	1.14730400
7.38	1.15808800
7.40	1.18205600
7.42	1.21744800
7.44	1.26176000
7.46	1.31200000
7.48	1.36493600
7.50	1.41732000
7.52	1.46608800
7.54	1.50848000
7.56	1.54213600
7.58	1.56515200
7.60	1.57606400
7.62	1.57389600
7.64	1.55813600
7.66	1.52872800
7.68	1.48608800
7.70	1.43109600
7.72	1.36507200
7.74	1.28977600
7.76	1.20732800
7.78	1.12012000
7.80	1.03072000
7.82	0.94173600
7.84	0.85565600
7.86	0.77474560
7.88	0.70090640
7.90	0.63561360
7.92	0.57986960
7.94	0.53421120
7.96	0.49875280
7.98	0.47325680
8.00	0.45722560
8.02	0.44998880
8.04	0.45078400
8.06	0.45880880
8.08	0.47325360
8.10	0.49329520
8.12	0.51807680
8.14	0.54666880
8.16	0.57802480
8.18	0.61094640
8.20	0.64406160
8.22	0.67582480
8.24	0.70455040
8.26	0.72845920
8.28	0.74575040
8.30	0.75469360
8.32	0.75372240
8.34	0.74152480
8.36	0.71713680
8.38	0.68001120
8.40	0.63007200
8.42	0.56774480
8.44	0.49395840
8.46	0.41012320
8.48	0.31807360
8.50	0.21999120
8.52	0.11830160
8.54	0.01555280
8.56	-0.08571120
8.58	-0.18307920
8.60	-0.27438720
8.62	-0.35781360
8.64	-0.43194640
8.66	-0.49581200
8.68	-0.54887360
8.70	-0.59099520
8.72	-0.62238160
8.74	-0.64350960
8.76	-0.65505440
8.78	-0.65782320
8.80	-0.65271520
8.82	-0.64069280
8.84	-0.62278320
8.86	-0.60009120
8.88	-0.57381840
8.90	-0.54527680
8.92	-0.51588960
8.94	-0.48716320
8.96	-0.46063520
8.98	-0.43779600
9.00	-0.41999440
9.02	-0.40833680
9.04	-0.40359680
9.06	-0.40615280
9.08	-0.41595680
9.10	-0.43254800
9.12	-0.45511360
9.14	-0.48257520
9.16	-0.51370960
9.18	-0.54726880
9.20	-0.58209440
9.22	-0.61719840
9.24	-0.65181760
9.26	-0.68542000
9.28	-0.71767200
9.30	-0.74838160
9.32	-0.77741680
9.34	-0.80463200
9.36	-0.82979200
9.38	-0.85256000
9.40	-0.87245600
9.42	-0.88892000
9.44	-0.90132800
9.46	-0.90909600
9.48	-0.91174400
9.50	-0.90897600
9.52	-0.90072000
9.54	-0.88715200
9.56	-0.86870400
9.58	-0.84601600
9.60	-0.81990400
9.62	-0.79126160
9.64	-0.76102320
9.66	-0.73005760
9.68	-0.69912880
9.70	-0.66884000
9.72	-0.63960560
9.74	-0.61163120
9.76	-0.58491920
9.78	-0.55926880
9.80	-0.53430800
9.82	-0.50952320
9.84	-0.48430160
9.86	-0.45798800
9.88	-0.42994880
9.90	-0.39963840
9.92	-0.36667840
9.94	-0.33092160
9.96	-0.29251200
9.98	-0.25192160
10.00	-0.20996000
10.02	-0.16775600
10.04	-0.12669840
10.06	-0.08835120
10.08	-0.05434488
10.10	-0.02624712
10.12	-0.00543860
10.14	0.00700365
10.16	0.01039944
10.18	0.00452626
10.20	-0.01035600
10.22	-0.03351912
10.24	-0.06381464
10.26	-0.09974720
10.28	-0.13957280
10.30	-0.18140480
10.32	-0.22331920
10.34	-0.26346000
10.36	-0.30013040
10.38	-0.33187920
10.40	-0.35755840
10.42	-0.37637760
10.44	-0.38793520
10.46	-0.39222320
10.48	-0.38962160
10.50	-0.38085680
10.52	-0.36693920
10.54	-0.34907840
10.56	-0.32857680
10.58	-0.30670880
10.60	-0.28460320
10.62	-0.26313280
10.64	-0.24283200
10.66	-0.22384960
10.68	-0.20594480
10.70	-0.18852960
10.72	-0.17076080
10.74	-0.15165920
10.76	-0.13025200
10.78	-0.10571680
10.80	-0.07750424
10.82	-0.04543280
10.84	-0.00972920
10.86	0.02897840
10.88	0.06972104
10.90	0.11129120
10.92	0.15237440
10.94	0.19169280
10.96	0.22813920
10.98	0.26089040
11.00	0.28948800
11.02	0.31386800
11.04	0.33436080
11.06	0.35164240
11.08	0.36666480
11.10	0.38056480
11.12	0.39456480
11.14	0.40988080
11.16	0.42763840
11.18	0.44880000
11.20	0.47411120
11.22	0.50406240
11.24	0.53885920
11.26	0.57840880
11.28	0.62231760
11.30	0.66989440
11.32	0.72017760
11.34	0.77196800
11.36	0.82388000
11.38	0.87441600
11.40	0.92203200
11.42	0.96523200
11.44	1.00264800
11.46	1.03312000
11.48	1.05574400
11.50	1.06991200
11.52	1.07532000
11.54	1.07192800
11.56	1.05993600
11.58	1.03973600
11.60	1.01180800
11.62	0.97668000
11.64	0.93490400
11.66	0.88698400
11.68	0.83340000
11.70	0.77461280
11.72	0.71108800
11.74	0.64334800
11.76	0.57200400
11.78	0.49778080
11.80	0.42154400
11.82	0.34428240
11.84	0.26709360
11.86	0.19114320
11.88	0.11760640
11.90	0.04761432
11.92	-0.01781280
11.94	-0.07781928
11.96	-0.13176320
11.98	-0.17925200
12.00	-0.22016560
12.02	-0.25466400
12.04	-0.28318160
12.06	-0.30640240
12.08	-0.32522560
12.10	-0.34070560
12.12	-0.35398720
12.14	-0.36621600
12.16	-0.37844720
12.18	-0.39154080
12.20	-0.40607440
12.22	-0.42225440
12.24	-0.43986160
12.26	-0.45823200
12.28	-0.47626960
12.30	-0.49251040
12.32	-0.50522640
12.34	-0.51256480
12.36	-0.51270720
12.38	-0.50403760
12.40	-0.48530480
12.42	-0.45575360
12.44	-0.41522320
12.46	-0.36419280
12.48	-0.30378560
12.50	-0.23571040
12.52	-0.16217840
12.54	-0.08577600
12.56	-0.00932184
12.58	0.06427584
12.60	0.13216800
12.62	0.19169360
12.64	0.24049600
12.66	0.27661840
12.68	0.29857440
12.70	0.30540480
12.72	0.29671200
12.74	0.27266960
12.76	0.23401440
12.78	0.18201600
12.80	0.11841840
12.82	0.04535600
12.84	-0.03474128
12.86	-0.11928080
12.88	-0.20562880
12.90	-0.29124080
12.92	-0.37377840
12.94	-0.45120160
12.96	-0.52182880
12.98	-0.58436720
13.00	-0.63789840
13.02	-0.68184320
13.04	-0.71589440
13.06	-0.73995360
13.08	-0.75405360
13.10	-0.75830800
13.12	-0.75287760
13.14	-0.73795760
13.16	-0.71379440
13.18	-0.68071600
13.20	-0.63917200
13.22	-0.58977280
13.24	-0.53332000
13.26	-0.47081920
13.28	-0.40347120
13.30	-0.33265360
13.32	-0.25987360
13.34	-0.18673680
13.36	-0.11489200
13.38	-0.04599992
13.40	0.01829208
13.42	0.07636608
13.44	0.12664240
13.46	0.16758640
13.48	0.19772800
13.50	0.21568880
13.52	0.22023360
13.54	0.21034000
13.56	0.18528560
13.58	0.14474000
13.60	0.08885600
13.62	0.01834304
13.64	-0.06548984
13.66	-0.16072880
13.68	-0.26489440
13.70	-0.37502560
13.72	-0.48780000
13.74	-0.59968400
13.76	-0.70709120
13.78	-0.80654400
13.80	-0.89483200
13.82	-0.96910400
13.84	-1.02699200
13.86	-1.06664800
13.88	-1.08677600
13.90	-1.08663200
13.92	-1.06602400
13.94	-1.02527200
13.96	-0.96519200
13.98	-0.88705600
14.00	-0.79257840
14.02	-0.68390080
14.04	-0.56354160
14.06	-0.43437440
14.08	-0.29957920
14.10	-0.16257840
14.12	-0.02696088
14.14	0.10361760
14.16	0.22554000
14.18	0.33535840
14.20	0.42991760
14.22	0.50649920
14.24	0.56294720
14.26	0.59780160
14.28	0.61040320
14.30	0.60098400
14.32	0.57072400
14.34	0.52176880
14.36	0.45719520
14.38	0.38092640
14.40	0.29758880
14.42	0.21231360
14.44	0.13048880
14.46	0.05747520
14.48	-0.00169507
14.50	-0.04261696
14.52	-0.06178248
14.54	-0.05680152
14.56	-0.02655208
14.58	0.02875160
14.60	0.10758000
14.62	0.20719280
14.64	0.32382320
14.66	0.45290800
14.68	0.58936400
14.70	0.72786880
14.72	0.86312800
14.74	0.99013600
14.76	1.10433600
14.78	1.20182400
14.80	1.27943200
14.82	1.33479200
14.84	1.36639200
14.86	1.37352000
14.88	1.35631200
14.90	1.31568000
14.92	1.25324000
14.94	1.17127200
14.96	1.07261600
14.98	0.96055200
15.00	0.83866400
15.02	0.71071920
15.04	0.58047520
15.06	0.45154800
15.08	0.32725840
15.10	0.21052000
15.12	0.10374960
15.14	0.00882016
15.16	-0.07294048
15.18	-0.14072560
15.20	-0.19419120
15.22	-0.23338800
15.24	-0.25868720
15.26	-0.27071840
15.28	-0.27032400
15.30	-0.25853280
15.32	-0.23655360
15.34	-0.20578080
15.36	-0.16780560
15.38	-0.12441520
15.40	-0.07757584
15.42	-0.02939496
15.44	0.01794768
15.46	0.06228984
15.48	0.10159520
15.50	0.13406800
15.52	0.15826080
15.54	0.17316960
15.56	0.17829200
15.58	0.17366000
15.60	0.15983280
15.62	0.13785200
15.64	0.10917120
15.66	0.07555888
15.68	0.03899080
15.70	0.00153096
15.72	-0.03478240
15.74	-0.06804648
15.76	-0.09659280
15.78	-0.11907040
15.80	-0.13451840
15.82	-0.14241120
15.84	-0.14268480
15.86	-0.13574400
15.88	-0.12243040
15.90	-0.10397280
15.92	-0.08190480
15.94	-0.05795968
15.96	-0.03395344
15.98	-0.01165784
16.00	0.00731749
16.02	0.02162304
16.04	0.03024400
16.06	0.03253008
16.08	0.02819000
16.10	0.01725000
16.12	-0.00002122
16.14	-0.02320376
16.16	-0.05181728
16.18	-0.08540480
16.20	-0.12359440
16.22	-0.16612640
16.24	-0.21284000
16.26	-0.26363360
16.28	-0.31840800
16.30	-0.37698640
16.32	-0.43902960
16.34	-0.50398320
16.36	-0.57104240
16.38	-0.63914080
16.40	-0.70696240
16.42	-0.77300400
16.44	-0.83563200
16.46	-0.89316800
16.48	-0.94394400
16.50	-0.98638400
16.52	-1.01902400
16.54	-1.04058400
16.56	-1.04992800
16.58	-1.04613600
16.60	-1.02843200
16.62	-0.99627200
16.64	-0.94931200
16.66	-0.88747200
16.68	-0.81095200
16.70	-0.72031760
16.72	-0.61651840
16.74	-0.50095280
16.76	-0.37548480
16.78	-0.24241840
16.80	-0.10447440
16.82	0.03526872
16.84	0.17349120
16.86	0.30677200
16.88	0.43172560
16.90	0.54514080
16.92	0.64415440
16.94	0.72638320
16.96	0.79005040
16.98	0.83406400
17.00	0.85806400
17.02	0.86246400
17.04	0.84839200
17.06	0.81766400
17.08	0.77264800
17.10	0.71617360
17.12	0.65134640
17.14	0.58139680
17.16	0.50952160
17.18	0.43871520
17.20	0.37162800
17.22	0.31045920
17.24	0.25689760
17.26	0.21207280
17.28	0.17656720
17.30	0.15045920
17.32	0.13340160
17.34	0.12469920
17.36	0.12341040
17.38	0.12843440
17.40	0.13859280
17.42	0.15268560
17.44	0.16953280
17.46	0.18799360
17.48	0.20698000
17.50	0.22544880
17.52	0.24240960
17.54	0.25693360
17.56	0.26816560
17.58	0.27535200
17.60	0.27787680
17.62	0.27529840
17.64	0.26738160
17.66	0.25412320
17.68	0.23576640
17.70	0.21278800
17.72	0.18587600
17.74	0.15590000
17.76	0.12386240
17.78	0.09084400
17.80	0.05796320
17.82	0.02633960
17.84	-0.00293981
17.86	-0.02884504
17.88	-0.05041536
17.90	-0.06677112
17.92	-0.07713328
17.94	-0.08084400
17.96	-0.07739672
17.98	-0.06646992
18.00	-0.04796920
18.02	-0.02206560
18.04	0.01077824
18.06	0.04979208
18.08	0.09389760
18.10	0.14173760
18.12	0.19172880
18.14	0.24212800
18.16	0.29110080
18.18	0.33681600
18.20	0.37753280
18.22	0.41166640
18.24	0.43785280
18.26	0.45499360
18.28	0.46228800
18.30	0.45924960
18.32	0.44570800
18.34	0.42181040
18.36	0.38800720
18.38	0.34504160
18.40	0.29392560
18.42	0.23591280
18.44	0.17245360
18.46	0.10513440
18.48	0.03561144
18.50	-0.03446512
18.52	-0.10354480
18.54	-0.17027680
18.56	-0.23358000
18.58	-0.29270640
18.60	-0.34728560
18.62	-0.39733920
18.64	-0.44325280
18.66	-0.48571760
18.68	-0.52565920
18.70	-0.56414640
18.72	-0.60228160
18.74	-0.64110320
18.76	-0.68150000
18.78	-0.72414400
18.80	-0.76943840
18.82	-0.81748800
18.84	-0.86808000
18.86	-0.92070400
18.88	-0.97456800
18.90	-1.02858400
18.92	-1.08143200
18.94	-1.13158400
18.96	-1.17733600
18.98	-1.21686400
19.00	-1.24826400
19.02	-1.26966400
19.04	-1.27930400
19.06	-1.27558400
19.08	-1.25721600
19.10	-1.22328000
19.12	-1.17328800
19.14	-1.10723200
19.16	-1.02561600
19.18	-0.92943200
19.20	-0.82008800
19.22	-0.69936640
19.24	-0.56932800
19.26	-0.43223120
19.28	-0.29041520
19.30	-0.14623600
19.32	-0.00201918
19.34	0.14000400
19.36	0.27773760
19.38	0.40923040
19.40	0.53267840
19.42	0.64645840
19.44	0.74915920
19.46	0.83960000
19.48	0.91685600
19.50	0.98032000
19.52	1.02972000
19.54	1.06513600
19.56	1.08704800
19.58	1.09624800
19.60	1.09386400
19.62	1.08126400
19.64	1.05999200
19.66	1.03168000
19.68	0.99795200
19.70	0.96036800
19.72	0.92036000
19.74	0.87918400
19.76	0.83789600
19.78	0.79737520
19.80	0.75833440
19.82	0.72133520
19.84	0.68682800
19.86	0.65516480
19.88	0.62662560
19.90	0.60142400
19.92	0.57970480
19.94	0.56153040
19.96	0.54687840
19.98	0.53562560
20.00	0.52754080
20.02	0.52228560
20.04	0.51941760
20.06	0.51840880
20.08	0.51865600
20.10	0.51951120
20.12	0.52029760
20.14	0.52033920
20.16	0.51898160
20.18	0.51561360
20.20	0.50969360
20.22	0.50076640
20.24	0.48849360
20.26	0.47266800
20.28	0.45323600
20.30	0.43030880
20.32	0.40417120
20.34	0.37527600
20.36	0.34422000
20.38	0.31171760
20.40	0.27855920
20.42	0.24555360
20.44	0.21346720
20.46	0.18296800
20.48	0.15457840
20.50	0.12862400
20.52	0.10521680
20.54	0.08424000
20.56	0.06536224
20.58	0.04806968
20.60	0.03170304
20.62	0.01551016
20.64	-0.00129515
20.66	-0.01947328
20.68	-0.03970544
20.70	-0.06254792
20.72	-0.08839200
20.74	-0.11743600
20.76	-0.14966640
20.78	-0.18486640
20.80	-0.22261600
20.82	-0.26231440
20.84	-0.30321600
20.86	-0.34447600
20.88	-0.38519920
20.90	-0.42449200
20.92	-0.46152080
20.94	-0.49557120
20.96	-0.52608960
20.98	-0.55270960
21.00	-0.57528080
21.02	-0.59386160
21.04	-0.60870880
21.06	-0.62023840
21.08	-0.62898320
21.10	-0.63553280
21.12	-0.64047760
21.14	-0.64434800
21.16	-0.64756240
21.18	-0.65037760
21.20	-0.65286240
21.22	-0.65487200
21.24	-0.65604560
21.26	-0.65581280
21.28	-0.65341600
21.30	-0.64794400
21.32	-0.63838000
21.34	-0.62366000
21.36	-0.60273840
21.38	-0.57466640
21.40	-0.53866800
21.42	-0.49422160
21.44	-0.44112240
21.46	-0.37953680
21.48	-0.31004480
21.50	-0.23363840
21.52	-0.15170560
21.54	-0.06596176
21.56	0.02162112
21.58	0.10891120
21.60	0.19374000
21.62	0.27403040
21.64	0.34789520
21.66	0.41372080
21.68	0.47024160
21.70	0.51657600
21.72	0.55222320
21.74	0.57703440
21.76	0.59117280
21.78	0.59505600
21.80	0.58928960
21.82	0.57461600
21.84	0.55186400
21.86	0.52191840
21.88	0.48569600
21.90	0.44414640
21.92	0.39824320
21.94	0.34897920
21.96	0.29736400
21.98	0.24441440
22.00	0.19112480
22.02	0.13844320
22.04	0.08722720
22.06	0.03821208
22.08	-0.00801288
22.10	-0.05103504
22.12	-0.09063280
22.14	-0.12677040
22.16	-0.15957840
22.18	-0.18933920
22.20	-0.21645280
22.22	-0.24140480
22.24	-0.26472480
22.26	-0.28695760
22.28	-0.30863040
22.30	-0.33022640
22.32	-0.35215120
22.34	-0.37471440
22.36	-0.39810800
22.38	-0.42238800
22.40	-0.44746080
22.42	-0.47308320
22.44	-0.49887760
22.46	-0.52434880
22.48	-0.54892240
22.50	-0.57199600
22.52	-0.59299760
22.54	-0.61144160
22.56	-0.62697920
22.58	-0.63943840
22.60	-0.64883520
22.62	-0.65536880
22.64	-0.65938160
22.66	-0.66129600
22.68	-0.66153920
22.70	-0.66045760
22.72	-0.65823360
22.74	-0.65482080
22.76	-0.64990400
22.78	-0.64288960
22.80	-0.63293200
22.82	-0.61898880
22.84	-0.59990720
22.86	-0.57451600
22.88	-0.54172880
22.90	-0.50063840
22.92	-0.45059200
22.94	-0.39123680
22.96	-0.32253840
22.98	-0.24479040
23.00	-0.15857440
23.02	-0.06471344
23.04	0.03577632
23.06	0.14172320
23.08	0.25185600
23.10	0.36482400
23.12	0.47922960
23.14	0.59362160
23.16	0.70648320
23.18	0.81623200
23.20	0.92124000
23.22	1.01981600
23.24	1.11022400
23.26	1.19071200
23.28	1.25962400
23.30	1.31538400
23.32	1.35660800
23.34	1.38220000
23.36	1.39138400
23.38	1.38378400
23.40	1.35948000
23.42	1.31900800
23.44	1.26336800
23.46	1.19398400
23.48	1.11264800
23.50	1.02144800
23.52	0.92264000
23.54	0.81858400
23.56	0.71160320
23.58	0.60390880
23.60	0.49750720
23.62	0.39412880
23.64	0.29520080
23.66	0.20184560
23.68	0.11487680
23.70	0.03482000
23.72	-0.03804520
23.74	-0.10363760
23.76	-0.16205280
23.78	-0.21353920
23.80	-0.25847760
23.82	-0.29737120
23.84	-0.33084560
23.86	-0.35964960
23.88	-0.38463440
23.90	-0.40672080
23.92	-0.42686000
23.94	-0.44596400
23.96	-0.46482880
23.98	-0.48404480
24.00	-0.50392320
24.02	-0.52443440
24.04	-0.54517760
24.06	-0.56538400
24.08	-0.58396800
24.10	-0.59961280
24.12	-0.61089280
24.14	-0.61640480
24.16	-0.61490960
24.18	-0.60545680
24.20	-0.58747600
24.22	-0.56083200
24.24	-0.52583360
24.26	-0.48319440
24.28	-0.43395680
24.30	-0.37939120
24.32	-0.32089680
24.34	-0.25989440
24.36	-0.19773760
24.38	-0.13565840
24.40	-0.07474864
24.42	-0.01595072
24.44	0.03992880
24.46	0.09218960
24.48	0.14020880
24.50	0.18344320
24.52	0.22143600
24.54	0.25384800
24.56	0.28049280
24.58	0.30139600
24.60	0.31683600
24.62	0.32736960
24.64	0.33383360
24.66	0.33730400
24.68	0.33903040
24.70	0.34033680
24.72	0.34250080
24.74	0.34663120
24.76	0.35354880
24.78	0.36369920
24.80	0.37709600
24.82	0.39330160
24.84	0.41145920
24.86	0.43036640
24.88	0.44856560
24.90	0.46447200
24.92	0.47649360
24.94	0.48316240
24.96	0.48323520
24.98	0.47577920
25.00	0.46023520
25.02	0.43644800
25.04	0.40466720
25.06	0.36554080
25.08	0.32006800
25.10	0.26955520
25.12	0.21553920
25.14	0.15971440
25.16	0.10385440
25.18	0.04971880
25.20	-0.00104384
25.22	-0.04697432
25.24	-0.08687440
25.26	-0.11987120
25.28	-0.14546160
25.30	-0.16351440
25.32	-0.17426480
25.34	-0.17827040
25.36	-0.17635680
25.38	-0.16953680
25.40	-0.15893440
25.42	-0.14570320
25.44	-0.13096160
25.46	-0.11574640
25.48	-0.10098960
25.50	-0.08751440
25.52	-0.07605344
25.54	-0.06727880
25.56	-0.06184064
25.58	-0.06039648
25.60	-0.06363144
25.62	-0.07226104
25.64	-0.08700960
25.66	-0.10857200
25.68	-0.13754800
25.70	-0.17438320
25.72	-0.21928800
25.74	-0.27216800
25.76	-0.33257120
25.78	-0.39966400
25.80	-0.47222080
25.82	-0.54864080
25.84	-0.62700560
25.86	-0.70516800
25.88	-0.78084640
25.90	-0.85172800
25.92	-0.91560000
25.94	-0.97046400
25.96	-1.01465600
25.98	-1.04690400
26.00	-1.06640800
26.02	-1.07288000
26.04	-1.06652800
26.06	-1.04804800
26.08	-1.01853600
26.10	-0.97943200
26.12	-0.93243200
26.14	-0.87936800
26.16	-0.82210400
26.18	-0.76248640
26.20	-0.70220240
26.22	-0.64276880
26.24	-0.58548240
26.26	-0.53139520
26.28	-0.48130720
26.30	-0.43577680
26.32	-0.39514160
26.34	-0.35953120
26.36	-0.32887760
26.38	-0.30294240
26.40	-0.28133120
26.42	-0.26350240
26.44	-0.24878880
26.46	-0.23641760
26.48	-0.22553440
26.50	-0.21523280
26.52	-0.20458400
26.54	-0.19266960
26.56	-0.17860800
26.58	-0.16157840
26.60	-0.14082720
26.62	-0.11567680
26.64	-0.08552560
26.66	-0.04983680
26.68	-0.00814344
26.70	0.03995824
26.72	0.09478960
26.74	0.15655840
26.76	0.22532080
26.78	0.30094320
26.80	0.38304960
26.82	0.47097040
26.84	0.56372080
26.86	0.66001200
26.88	0.75826240
26.90	0.85664000
26.92	0.95315200
26.94	1.04574400
26.96	1.13239200
26.98	1.21117600
27.00	1.28040000
27.02	1.33862400
27.04	1.38471200
27.06	1.41780800
27.08	1.43736800
27.10	1.44309600
27.12	1.43494400
27.14	1.41308800
27.16	1.37789600
27.18	1.32997600
27.20	1.27018400
27.22	1.19962400
27.24	1.11970400
27.26	1.03211200
27.28	0.93880800
27.30	0.84194400
27.32	0.74380080
27.34	0.64665120
27.36	0.55262720
27.38	0.46358960
27.40	0.38102480
27.42	0.30595200
27.44	0.23887920
27.46	0.17983040
27.48	0.12841040
27.50	0.08390640
27.52	0.04540848
27.54	0.01195208
27.56	-0.01735856
27.58	-0.04326320
27.60	-0.06629584
27.62	-0.08677360
27.64	-0.10482960
27.66	-0.12047600
27.68	-0.13368320
27.70	-0.14445200
27.72	-0.15287680
27.74	-0.15916560
27.76	-0.16364320
27.78	-0.16670400
27.80	-0.16875440
27.82	-0.17012800
27.84	-0.17101680
27.86	-0.17140800
27.88	-0.17105680
27.90	-0.16949760
27.92	-0.16608480
27.94	-0.16007760
27.96	-0.15073520
27.98	-0.13743600
28.00	-0.11977920
28.02	-0.09766880
28.04	-0.07137080
28.06	-0.04153264
28.08	-0.00916144
28.10	0.02443832
28.12	0.05774824
28.14	0.08913920
28.16	0.11699120
28.18	0.13980640
28.20	0.15631120
28.22	0.16554000
28.24	0.16689280
28.26	0.16017200
28.28	0.14558240
28.30	0.12371200
28.32	0.09548560
28.34	0.06209816
28.36	0.02492568
28.38	-0.01456360
28.40	-0.05490296
28.42	-0.09472240
28.44	-0.13283600
28.46	-0.16829920
28.48	-0.20045280
28.50	-0.22894000
28.52	-0.25370560
28.54	-0.27496240
28.56	-0.29314320
28.58	-0.30885040
28.60	-0.32279520
28.62	-0.33574000
28.64	-0.34845600
28.66	-0.36168640
28.68	-0.37612320
28.70	-0.39239920
28.72	-0.41107760
28.74	-0.43264160
28.76	-0.45749040
28.78	-0.48591840
28.80	-0.51809360
28.82	-0.55402800
28.84	-0.59355200
28.86	-0.63630000
28.88	-0.68170400
28.90	-0.72899920
28.92	-0.77726400
28.94	-0.82547200
28.96	-0.87256800
28.98	-0.91750400
29.00	-0.95934400
29.02	-0.99730400
29.04	-1.03076800
29.06	-1.05931200
29.08	-1.08268800
29.10	-1.10076800
29.12	-1.11350400
29.14	-1.12085600
29.16	-1.12278400
29.18	-1.11919200
29.20	-1.10993600
29.22	-1.09484000
29.24	-1.07376000
29.26	-1.04664000
29.28	-1.01352800
29.30	-0.97466400
29.32	-0.93049600
29.34	-0.88166400
29.36	-0.82898400
29.38	-0.77336880
29.40	-0.71579760
29.42	-0.65719760
29.44	-0.59838800
29.46	-0.54002720
29.48	-0.48259360
29.50	-0.42638400
29.52	-0.37153360
29.54	-0.31807520
29.56	-0.26599760
29.58	-0.21530000
29.60	-0.16603040
29.62	-0.11830800
29.64	-0.07233088
29.66	-0.02834496
29.68	0.01340488
29.70	0.05271944
29.72	0.08949200
29.74	0.12375200
29.76	0.15568000
29.78	0.18561120
29.80	0.21400160
29.82	0.24138320
29.84	0.26831040
29.86	0.29530320
29.88	0.32279280
29.90	0.35107680
29.92	0.38030480
29.94	0.41047360
29.96	0.44144240
29.98	0.47295680
30.00	0.50469200
30.02	0.53629200
30.04	0.56740720
30.06	0.59772800
30.08	0.62701200
30.10	0.65510800
30.12	0.68196800
30.14	0.70764800
30.16	0.73231360
30.18	0.75623360
30.20	0.77975840
30.22	0.80329600
30.24	0.82727200
30.26	0.85209600
30.28	0.87808800
30.30	0.90544000
30.32	0.93414400
30.34	0.96398400
30.36	0.99447200
30.38	1.02488000
30.40	1.05424000
30.42	1.08142400
30.44	1.10519200
30.46	1.12431200
30.48	1.13762400
30.50	1.14412800
30.52	1.14307200
30.54	1.13396800
30.56	1.11664000
30.58	1.09119200
30.60	1.05798400
30.62	1.01757600
30.64	0.97070400
30.66	0.91818400
30.68	0.86091200
30.70	0.79983200
30.72	0.73591280
30.74	0.67015600
30.76	0.60360080
30.78	0.53731440
30.80	0.47238800
30.82	0.40992560
30.84	0.35099600
30.86	0.29658400
30.88	0.24754000
30.90	0.20453520
30.92	0.16801280
30.94	0.13816160
30.96	0.11492240
30.98	0.09800720
31.00	0.08694080
31.02	0.08111120
31.04	0.07983520
31.06	0.08241040
31.08	0.08815680
31.10	0.09644640
31.12	0.10670800
31.14	0.11841840
31.16	0.13108480
31.18	0.14422080
31.20	0.15733120
31.22	0.16989920
31.24	0.18139840
31.26	0.19131040
31.28	0.19915840
31.30	0.20454400
31.32	0.20717600
31.34	0.20689680
31.36	0.20369120
31.38	0.19766960
31.40	0.18904800
31.42	0.17810560
31.44	0.16514000
31.46	0.15042960
31.48	0.13420960
31.50	0.11665280
31.52	0.09788240
31.54	0.07799408
31.56	0.05709048
31.58	0.03531936
31.60	0.01289992
31.62	-0.00985984
31.64	-0.03256560
31.66	-0.05476600
31.68	-0.07600048
31.70	-0.09585520
31.72	-0.11402320
31.74	-0.13035920
31.76	-0.14491200
31.78	-0.15793760
31.80	-0.16987440
31.82	-0.18129440
31.84	-0.19283200
31.86	-0.20510080
31.88	-0.21860640
31.90	-0.23366560
31.92	-0.25035440
31.94	-0.26848320
31.96	-0.28759840
31.98	-0.30702000
32.00	-0.32590560
32.02	-0.34333360
32.04	-0.35839200
32.06	-0.37027440
32.08	-0.37835280
32.10	-0.38223680
32.12	-0.38181040
32.14	-0.37724560
32.16	-0.36897920
32.18	-0.35767760
32.20	-0.34418000
32.22	-0.32942880
32.24	-0.31439520
32.26	-0.30001760
32.28	-0.28712960
32.30	-0.27642240
32.32	-0.26840720
32.34	-0.26340880
32.36	-0.26157520
32.38	-0.26290160
32.40	-0.26727120
32.42	-0.27450000
32.44	-0.28438000
32.46	-0.29671760
32.48	-0.31135360
32.50	-0.32817200
32.52	-0.34708400
32.54	-0.36799440
32.56	-0.39076880
32.58	-0.41518720
32.60	-0.44089760
32.62	-0.46740800
32.64	-0.49408160
32.66	-0.52017360
32.68	-0.54488320
32.70	-0.56743440
32.72	-0.58716880
32.74	-0.60362960
32.76	-0.61662960
32.78	-0.62629440
32.80	-0.63306480
32.82	-0.63765440
32.84	-0.64097040
32.86	-0.64399840
32.88	-0.64767680
32.90	-0.65276960
32.92	-0.65975920
32.94	-0.66877440
32.96	-0.67956160
32.98	-0.69151280
33.00	-0.70373360
33.02	-0.71514800
33.04	-0.72462480
33.06	-0.73110640
33.08	-0.73371920
33.10	-0.73185360
33.12	-0.72520800
33.14	-0.71378480
33.16	-0.69785280
33.18	-0.67788080
33.20	-0.65445920
33.22	-0.62821120
33.24	-0.59972960
33.26	-0.56954240
33.28	-0.53808320
33.30	-0.50570720
33.32	-0.47271520
33.34	-0.43939200
33.36	-0.40603760
33.38	-0.37299360
33.40	-0.34063280
33.42	-0.30934720
33.44	-0.27951120
33.46	-0.25142160
33.48	-0.22523920
33.50	-0.20094400
33.52	-0.17829680
33.54	-0.15684080
33.56	-0.13591200
33.58	-0.11469200
33.60	-0.09228480
33.62	-0.06779128
33.64	-0.04039976
33.66	-0.00946256
33.68	0.02544184
33.70	0.06446720
33.72	0.10750000
33.74	0.15416960
33.76	0.20387360
33.78	0.25584960
33.80	0.30923520
33.82	0.36313520
33.84	0.41669200
33.86	0.46913840
33.88	0.51984240
33.90	0.56834880
33.92	0.61438640
33.94	0.65785440
33.96	0.69881760
33.98	0.73747040
34.00	0.77408880
34.02	0.80897600
34.04	0.84239200
34.06	0.87452000
34.08	0.90538400
34.10	0.93482400
34.12	0.96249600
34.14	0.98783200
34.16	1.01012000
34.18	1.02853600
34.20	1.04220800
34.22	1.05034400
34.24	1.05228000
34.26	1.04756800
34.28	1.03606400
34.30	1.01792800
34.32	0.99362400
34.34	0.96392000
34.36	0.92979200
34.38	0.89238400
34.40	0.85285600
34.42	0.81235200
34.44	0.77189440
34.46	0.73232080
34.48	0.69427040
34.50	0.65816560
34.52	0.62423040
34.54	0.59252880
34.56	0.56299920
34.58	0.53550640
34.60	0.50988320
34.62	0.48594800
34.64	0.46351680
34.66	0.44240320
34.68	0.42240080
34.70	0.40327120
34.72	0.38471440
34.74	0.36636320
34.76	0.34778080
34.78	0.32846480
34.80	0.30786800
34.82	0.28542640
34.84	0.26059600
34.86	0.23288800
34.88	0.20190880
34.90	0.16737840
34.92	0.12915440
34.94	0.08725520
34.96	0.04184944
34.98	-0.00674523
35.00	-0.05807680
35.02	-0.11157760
35.04	-0.16658400
35.06	-0.22237840
35.08	-0.27820880
35.10	-0.33331040
35.12	-0.38694960
35.14	-0.43844480
35.16	-0.48719200
35.18	-0.53267680
35.20	-0.57447920
35.22	-0.61228160
35.24	-0.64584640
35.26	-0.67498640
35.28	-0.69955360
35.30	-0.71940400
35.32	-0.73437600
35.34	-0.74427280
35.36	-0.74885920
35.38	-0.74787280
35.40	-0.74104320
35.42	-0.72812960
35.44	-0.70896160
35.46	-0.68348160
35.48	-0.65178240
35.50	-0.61413360
35.52	-0.57099360
35.54	-0.52300880
35.56	-0.47097440
35.58	-0.41580640
35.60	-0.35850160
35.62	-0.30007200
35.64	-0.24149360
35.66	-0.18366720
35.68	-0.12738080
35.70	-0.07329896
35.72	-0.02194200
35.74	0.02629064
35.76	0.07109096
35.78	0.11222880
35.80	0.14951360
35.82	0.18276800
35.84	0.21179520
35.86	0.23636880
35.88	0.25621440
35.90	0.27102240
35.92	0.28044960
35.94	0.28414000
35.96	0.28175680
35.98	0.27301600
36.00	0.25772160
36.02	0.23580240
36.04	0.20734560
36.06	0.17261520
36.08	0.13206080
36.10	0.08633200
36.12	0.03624184
36.14	-0.01725712
36.16	-0.07312080
36.18	-0.13026560
36.20	-0.18761920
36.22	-0.24418320
36.24	-0.29906320
36.26	-0.35147600
36.28	-0.40076880
36.30	-0.44639760
36.32	-0.48789040
36.34	-0.52480320
36.36	-0.55667600
36.38	-0.58299440
36.40	-0.60316960
36.42	-0.61653360
36.44	-0.62236160
36.46	-0.61992720
36.48	-0.60856400
36.50	-0.58774960
36.52	-0.55718080
36.54	-0.51684960
36.56	-0.46708560
36.58	-0.40857760
36.60	-0.34238880
36.62	-0.26990080
36.64	-0.19276080
36.66	-0.11280320
36.68	-0.03196176
36.70	0.04781248
36.72	0.12465200
36.74	0.19682320
36.76	0.26276480
36.78	0.32114160
36.80	0.37085840
36.82	0.41107200
36.84	0.44119040
36.86	0.46087600
36.88	0.47004320
36.90	0.46886240
36.92	0.45774480
36.94	0.43734320
36.96	0.40853600
36.98	0.37239680
37.00	0.33016800
37.02	0.28321200
37.04	0.23297120
37.06	0.18090480
37.08	0.12844880
37.10	0.07699088
37.12	0.02782472
37.14	-0.01786168
37.16	-0.05899368
37.18	-0.09461040
37.20	-0.12386000
37.22	-0.14600960
37.24	-0.16044080
37.26	-0.16666480
37.28	-0.16435120
37.30	-0.15335280
37.32	-0.13373920
37.34	-0.10582160
37.36	-0.07016648
37.38	-0.02760128
37.40	0.02081728
37.42	0.07383760
37.44	0.13005680
37.46	0.18800640
37.48	0.24621840
37.50	0.30330160
37.52	0.35799920
37.54	0.40923440
37.56	0.45615040
37.58	0.49810320
37.60	0.53464560
37.62	0.56551200
37.64	0.59057680
37.66	0.60982000
37.68	0.62328640
37.70	0.63105920
37.72	0.63324160
37.74	0.62994400
37.76	0.62128560
37.78	0.60740400
37.80	0.58846880
37.82	0.56469360
37.84	0.53635440
37.86	0.50380320
37.88	0.46746560
37.90	0.42785040
37.92	0.38555360
37.94	0.34123680
37.96	0.29561360
37.98	0.24942720
38.00	0.20341920
38.02	0.15829920
38.04	0.11470960
38.06	0.07318264
38.08	0.03411896
38.10	-0.00222647
38.12	-0.03576408
38.14	-0.06656008
38.16	-0.09481600
38.18	-0.12083600
38.20	-0.14497920
38.22	-0.16762080
38.24	-0.18909760
38.26	-0.20966880
38.28	-0.22949520
38.30	-0.24862800
38.32	-0.26701760
38.34	-0.28453920
38.36	-0.30102480
38.38	-0.31630400
38.40	-0.33024240
38.42	-0.34276080
38.44	-0.35385360
38.46	-0.36358560
38.48	-0.37206880
38.50	-0.37943520
38.52	-0.38580160
38.54	-0.39123920
38.56	-0.39574800
38.58	-0.39925120
38.60	-0.40160400
38.62	-0.40262240
38.64	-0.40212000
38.66	-0.39995600
38.68	-0.39607920
38.70	-0.39055920
38.72	-0.38360880
38.74	-0.37557840
38.76	-0.36693680
38.78	-0.35823440
38.80	-0.35004720
38.82	-0.34292720
38.84	-0.33734960
38.86	-0.33367440
38.88	-0.33212160
38.90	-0.33276560
38.92	-0.33554160
38.94	-0.34027280
38.96	-0.34669440
38.98	-0.35448560
39.00	-0.36329600
39.02	-0.37276560
39.04	-0.38252960
39.06	-0.39222960
39.08	-0.40150080
39.10	-0.40997440
39.12	-0.41727440
39.14	-0.42302640
39.16	-0.42686960
39.18	-0.42847920
39.20	-0.42759120
39.22	-0.42403280
39.24	-0.41774320
39.26	-0.40878880
39.28	-0.39736880
39.30	-0.38380320
39.32	-0.36851200
39.34	-0.35198240
39.36	-0.33473520
39.38	-0.31727920
39.40	-0.30008400
39.42	-0.28355360
39.44	-0.26800480
39.46	-0.25366480
39.48	-0.24067120
39.50	-0.22907760
39.52	-0.21887040
39.54	-0.20997600
39.56	-0.20227120
39.58	-0.19559040
39.60	-0.18973200
39.62	-0.18445760
39.64	-0.17949680
39.66	-0.17454880
39.68	-0.16929200
39.70	-0.16339200
39.72	-0.15651600
39.74	-0.14834720
39.76	-0.13860080
39.78	-0.12703760
39.80	-0.11347280
39.82	-0.09778480
39.84	-0.07991432
39.86	-0.05986984
39.88	-0.03771600
39.90	-0.01357480
39.92	0.01237296
39.94	0.03989632
39.96	0.06871480
39.98	0.09850080
40.00	0.12888640
40.02	0.15946960
40.04	0.18982560
40.06	0.21953120
40.08	0.24817840
40.10	0.27538880
40.12	0.30083760
40.14	0.32426800
40.16	0.34548880
40.18	0.36438160
40.20	0.38088080
40.22	0.39496560
40.24	0.40664080
40.26	0.41591280
40.28	0.42278720
40.30	0.42726240
40.32	0.42933760
40.34	0.42902160
40.36	0.42636080
40.38	0.42145280
40.40	0.41446320
40.42	0.40563920
40.44	0.39529600
40.46	0.38380960
40.48	0.37158160
40.50	0.35900720
40.52	0.34644160
40.54	0.33417040
40.56	0.32239120
40.58	0.31120960
40.60	0.30066480
40.62	0.29075040
40.64	0.28145920
40.66	0.27282400
40.68	0.26494880
40.70	0.25803520
40.72	0.25237520
40.74	0.24832960
40.76	0.24628800
40.78	0.24660720
40.80	0.24954880
40.82	0.25522320
40.84	0.26354560
40.86	0.27421920
40.88	0.28674880
40.90	0.30047840
40.92	0.31465360
40.94	0.32850320
40.96	0.34131760
40.98	0.35252640
41.00	0.36175280
41.02	0.36884080
41.04	0.37385680
41.06	0.37705760
41.08	0.37884160
41.10	0.37968000
41.12	0.38005200
41.14	0.38038080
41.16	0.38099120
41.18	0.38207840
41.20	0.38370960
41.22	0.38583680
41.24	0.38832640
41.26	0.39099200
41.28	0.39363280
41.30	0.39605840
41.32	0.39810640
41.34	0.39964560
41.36	0.40056960
41.38	0.40078080
41.40	0.40017440
41.42	0.39862240
41.44	0.39596400
41.46	0.39200800
41.48	0.38653760
41.50	0.37932960
41.52	0.37017360
41.54	0.35889680
41.56	0.34537600
41.58	0.32955360
41.60	0.31144800
41.62	0.29114720
41.64	0.26880240
41.66	0.24461840
41.68	0.21884080
41.70	0.19174480
41.72	0.16362160
41.74	0.13477280
41.76	0.10551040
41.78	0.07614992
41.80	0.04700480
41.82	0.01838376
41.84	-0.00941504
41.86	-0.03610816
41.88	-0.06144184
41.90	-0.08519120
41.92	-0.10716160
41.94	-0.12719440
41.96	-0.14516320
41.98	-0.16097120
42.00	-0.17454320
42.02	-0.18582720
42.04	-0.19478880
42.06	-0.20141920
42.08	-0.20574480
42.10	-0.20783200
42.12	-0.20780800
42.14	-0.20586720
42.16	-0.20227920
42.18	-0.19738880
42.20	-0.19160480
42.22	-0.18538000
42.24	-0.17918960
42.26	-0.17350480
42.28	-0.16876480
42.30	-0.16535680
42.32	-0.16360800
42.34	-0.16378080
42.36	-0.16608800
42.38	-0.17070800
42.40	-0.17780800
42.42	-0.18756400
42.44	-0.20016880
42.46	-0.21583680
42.48	-0.23478880
42.50	-0.25722400
42.52	-0.28328160
42.54	-0.31300160
42.56	-0.34629120
42.58	-0.38289440
42.60	-0.42237120
42.62	-0.46411760
42.64	-0.50738880
42.66	-0.55134560
42.68	-0.59511520
42.70	-0.63784560
42.72	-0.67877520
42.74	-0.71727520
42.76	-0.75286160
42.78	-0.78522160
42.80	-0.81419200
42.82	-0.83972000
42.84	-0.86184800
42.86	-0.88061600
42.88	-0.89608000
42.90	-0.90822400
42.92	-0.91695200
42.94	-0.92208800
42.96	-0.92336000
42.98	-0.92044800
43.00	-0.91298400
43.02	-0.90056800
43.04	-0.88282400
43.06	-0.85943200
43.08	-0.83009600
43.10	-0.79464480
43.12	-0.75298160
43.14	-0.70513520
43.16	-0.65126480
43.18	-0.59166480
43.20	-0.52678160
43.22	-0.45719280
43.24	-0.38360880
43.26	-0.30686880
43.28	-0.22789360
43.30	-0.14765600
43.32	-0.06713480
43.34	0.01272152
43.36	0.09103040
43.38	0.16702320
43.40	0.24004640
43.42	0.30954640
43.44	0.37507280
43.46	0.43624960
43.48	0.49273520
43.50	0.54419200
43.52	0.59025920
43.54	0.63053760
43.56	0.66460080
43.58	0.69201200
43.60	0.71235200
43.62	0.72528000
43.64	0.73058080
43.66	0.72821200
43.68	0.71833600
43.70	0.70134320
43.72	0.67784320
43.74	0.64863760
43.76	0.61468880
43.78	0.57705760
43.80	0.53684480
43.82	0.49513040
43.84	0.45292640
43.86	0.41113760
43.88	0.37052720
43.90	0.33171440
43.92	0.29518480
43.94	0.26129120
43.96	0.23027600
43.98	0.20228960
44.00	0.17740800
44.02	0.15565360
44.04	0.13700400
44.06	0.12140080
44.08	0.10875920
44.10	0.09897440
44.12	0.09192320
44.14	0.08746480
44.16	0.08544160
44.18	0.08568160
44.20	0.08798560
44.22	0.09212880
44.24	0.09785120
44.26	0.10484720
44.28	0.11276960
44.30	0.12122640
44.32	0.12979600
44.34	0.13804240
44.36	0.14554400
44.38	0.15192640
44.40	0.15689280
44.42	0.16025280
44.44	0.16194560
44.46	0.16204640
44.48	0.16076160
44.50	0.15840880
44.52	0.15537920
44.54	0.15210240
44.56	0.14899760
44.58	0.14643600
44.60	0.14471200
44.62	0.14402320
44.64	0.14446880
44.66	0.14606240
44.68	0.14875040
44.70	0.15243680
44.72	0.15700720
44.74	0.16234880
44.76	0.16835280
44.78	0.17491520
44.80	0.18192400
44.82	0.18924240
44.84	0.19668880
44.86	0.20402880
44.88	0.21096960
44.90	0.21717680
44.92	0.22228720
44.94	0.22594960
44.96	0.22785840
44.98	0.22778560
45.00	0.22560800
45.02	0.22131760
45.04	0.21501440
45.06	0.20688560
45.08	0.19716960
45.10	0.18611840
45.12	0.17394960
45.14	0.16082000
45.16	0.14680480
45.18	0.13189520
45.20	0.11601760
45.22	0.09906240
45.24	0.08092160
45.26	0.06153512
45.28	0.04091672
45.30	0.01917520
45.32	-0.00348526
45.34	-0.02678240
45.36	-0.05038560
45.38	-0.07396392
45.40	-0.09722480
45.42	-0.11994560
45.44	-0.14200560
45.46	-0.16338640
45.48	-0.18416320
45.50	-0.20447680
45.52	-0.22449120
45.54	-0.24436240
45.56	-0.26419280
45.58	-0.28400640
45.60	-0.30374000
45.62	-0.32325040
45.64	-0.34233120
45.66	-0.36074560
45.68	-0.37825680
45.70	-0.39465760
45.72	-0.40979520
45.74	-0.42357200
45.76	-0.43594160
45.78	-0.44688560
45.80	-0.45639040
45.82	-0.46441920
45.84	-0.47088240
45.86	-0.47562960
45.88	-0.47844960
45.90	-0.47908160
45.92	-0.47725040
45.94	-0.47269920
45.96	-0.46523280
45.98	-0.45475120
46.00	-0.44127680
46.02	-0.42496960
46.04	-0.40611280
46.06	-0.38509920
46.08	-0.36239840
46.10	-0.33851520
46.12	-0.31394560
46.14	-0.28914080
46.16	-0.26448000
46.18	-0.24025600
46.20	-0.21667840
46.22	-0.19387520
46.24	-0.17192400
46.26	-0.15088400
46.28	-0.13081360
46.30	-0.11180160
46.32	-0.09398160
46.34	-0.07753632
46.36	-0.06269248
46.38	-0.04970104
46.40	-0.03881392
46.42	-0.03025472
46.44	-0.02418288
46.46	-0.02066600
46.48	-0.01965752
46.50	-0.02098488
46.52	-0.02434928
46.54	-0.02933920
46.56	-0.03545536
46.58	-0.04214256
46.60	-0.04883104
46.62	-0.05497696
46.64	-0.06009928
46.66	-0.06380864
46.68	-0.06582376
46.70	-0.06597416
46.72	-0.06418784
46.74	-0.06046600
46.76	-0.05485016
46.78	-0.04738512
46.80	-0.03808480
46.82	-0.02690712
46.84	-0.01374240
46.86	0.00157939
46.88	0.01927056
46.90	0.03954720
46.92	0.06257872
46.94	0.08844400
46.96	0.11708800
46.98	0.14828800
47.00	0.18164320
47.02	0.21657920
47.04	0.25238560
47.06	0.28825200
47.08	0.32331760
47.10	0.35674080
47.12	0.38774320
47.14	0.41565360
47.16	0.43992880
47.18	0.46016320
47.20	0.47607200
47.22	0.48748320
47.24	0.49430080
47.26	0.49648880
47.28	0.49405600
47.30	0.48705600
47.32	0.47559760
47.34	0.45986720
47.36	0.44015280
47.38	0.41686400
47.40	0.39054400
47.42	0.36187760
47.44	0.33165760
47.46	0.30075120
47.48	0.27004320
47.50	0.24037760
47.52	0.21249760
47.54	0.18699040
47.56	0.16426400
47.58	0.14454000
47.60	0.12786800
47.62	0.11415920
47.64	0.10324000
47.66	0.09490560
47.68	0.08896800
47.70	0.08528880
47.72	0.08379680
47.74	0.08447360
47.76	0.08733120
47.78	0.09236480
47.80	0.09950800
47.82	0.10858800
47.84	0.11930240
47.86	0.13120480
47.88	0.14373280
47.90	0.15623680
47.92	0.16804240
47.94	0.17851120
47.96	0.18710720
47.98	0.19344640
48.00	0.19732880
48.02	0.19874640
48.04	0.19786960
48.06	0.19500480
48.08	0.19054800
48.10	0.18492480
48.12	0.17853840
48.14	0.17172560
48.16	0.16472880
48.18	0.15768640
48.20	0.15064560
48.22	0.14357280
48.24	0.13639120
48.26	0.12900400
48.28	0.12131840
48.30	0.11326400
48.32	0.10479280
48.34	0.09588000
48.36	0.08651520
48.38	0.07668288
48.40	0.06635784
48.42	0.05549816
48.44	0.04404392
48.46	0.03192512
48.48	0.01907344
48.50	0.00543626
48.52	-0.00900880
48.54	-0.02424960
48.56	-0.04023440
48.58	-0.05687272
48.60	-0.07404880
48.62	-0.09163200
48.64	-0.10948800
48.66	-0.12748800
48.68	-0.14550640
48.70	-0.16341840
48.72	-0.18108640
48.74	-0.19834560
48.76	-0.21498080
48.78	-0.23072000
48.80	-0.24522640
48.82	-0.25810720
48.84	-0.26892720
48.86	-0.27724320
48.88	-0.28264160
48.90	-0.28477760
48.92	-0.28341600
48.94	-0.27846400
48.96	-0.26999280
48.98	-0.25824160
49.00	-0.24360240
49.02	-0.22660080
49.04	-0.20784560
49.06	-0.18798720
49.08	-0.16767280
49.10	-0.14749440
49.12	-0.12795600
49.14	-0.10944960
49.16	-0.09224720
49.18	-0.07650664
49.20	-0.06229144
49.22	-0.04959680
49.24	-0.03838568
49.26	-0.02862504
49.28	-0.02031144
49.30	-0.01349328
49.32	-0.00828032
49.34	-0.00484026
49.36	-0.00338277
49.38	-0.00413237
49.40	-0.00729627
49.42	-0.01302704
49.44	-0.02138928
49.46	-0.03233328
49.48	-0.04568080
49.50	-0.06112480
49.52	-0.07824320
49.54	-0.09653360
49.56	-0.11545120
49.58	-0.13444960
49.60	-0.15303360
49.62	-0.17079520
49.64	-0.18744240
49.66	-0.20280320
49.68	-0.21682400
49.70	-0.22953920
49.72	-0.24103600
49.74	-0.25140880
49.76	-0.26071200
49.78	-0.26892480
49.80	-0.27593520
49.82	-0.28153200
49.84	-0.28542560
49.86	-0.28728640
49.88	-0.28678640
49.90	-0.28365840
49.92	-0.27773840
49.94	-0.26900560
49.96	-0.25759680
49.98	-0.24380400
50.00	0.00000000