    0.040000      0.117848
    0.060000      0.145265
    0.080000      0.132244
    0.100000      0.079947
    0.120000     -0.007280
    0.140000     -0.119185
    0.160000     -0.241226
    0.180000     -0.356906
    0.200000     -0.450456
    0.220000     -0.509456
    0.240000     -0.526968
    0.260000     -0.502834
    0.280000     -0.443914
    0.300000     -0.363211
    0.320000     -0.277978
    0.340000     -0.207084
    0.360000     -0.168007
    0.380000     -0.173916
    0.400000     -0.231264
    0.420000     -0.338270
    0.440000     -0.484533
    0.460000     -0.651855
    0.480000     -0.816197
    0.500000     -0.950501
    0.520000     -1.028011
    0.540000     -1.025658
    0.560000     -0.927035
    0.580000     -0.724601
    0.600000     -0.420805
    0.620000     -0.028010
    0.640000      0.432745
    0.660000      0.933976
    0.680000      1.444658
    0.700000      1.933417
    0.720000      2.371600
    0.740000      2.735867
    0.760000      3.010003
    0.780000      3.185813
    0.800000      3.263037
    0.820000      3.248419
    0.840000      3.154123
    0.860000      2.995772
    0.880000      2.790399
    0.900000      2.554610
    0.920000      2.303132
    0.940000      2.047907
    0.960000      1.797731
    0.980000      1.558396
    1.000000      1.333186
    1.020000      1.123563
    1.040000      0.929871
    1.060000      0.751905
    1.080000      0.589245
    1.100000      0.441342
    1.120000      0.307381
    1.140000      0.186011
    1.160000      0.075071
    1.180000     -0.028584
    1.200000     -0.129039
    1.220000     -0.231036
    1.240000     -0.339430
    1.260000     -0.458497
    1.280000     -0.591168
    1.300000     -0.738373
    1.320000     -0.898616
    1.340000     -1.067897
    1.360000     -1.240041
    1.380000     -1.407422
    1.400000     -1.562000
    1.420000     -1.696512
    1.440000     -1.805643
    1.460000     -1.886976
    1.480000     -1.941549
    1.500000     -1.973896
    1.520000     -1.991549
    1.540000     -2.004040
    1.560000     -2.021524
    1.580000     -2.053263
    1.600000     -2.106163
    1.620000     -2.183626
    1.640000     -2.284908
    1.660000     -2.405092
    1.680000     -2.535716
    1.700000     -2.665962
    1.720000     -2.784255
    1.740000     -2.880009
    1.760000     -2.945266
    1.780000     -2.975948
    1.800000     -2.972528
    1.820000     -2.939981
    1.840000     -2.887019
    1.860000     -2.824698
    1.880000     -2.764598
    1.900000     -2.716858
    1.920000     -2.688366
    1.940000     -2.681384
    1.960000     -2.692836
    1.980000     -2.714398
    2.000000     -2.733383
    2.020000     -2.734318
    2.040000     -2.701001
    2.060000     -2.618739
    2.080000     -2.476450
    2.100000     -2.268338
    2.120000     -1.994884
    2.140000     -1.663037
    2.160000     -1.285570
    2.180000     -0.879719
    2.200000     -0.465283
    2.220000     -0.062495
    2.240000      0.310070
    2.260000      0.637247
    2.280000      0.908471
    2.300000      1.118310
    2.320000      1.266280
    2.340000      1.356076
    2.360000      1.394366
    2.380000      1.389395
    2.400000      1.349647
    2.420000      1.282774
    2.440000      1.194940
    2.460000      1.090656
    2.480000      0.973064
    2.500000      0.844546
    2.520000      0.707493
    2.540000      0.565013
    2.560000      0.421394
    2.580000      0.282190
    2.600000      0.153864
    2.620000      0.043025
    2.640000     -0.044605
    2.660000     -0.105314
    2.680000     -0.138381
    2.700000     -0.146687
    2.720000     -0.136806
    2.740000     -0.118478
    2.760000     -0.103500
    2.780000     -0.104158
    2.800000     -0.131439
    2.820000     -0.193299
    2.840000     -0.293280
    2.860000     -0.429743
    2.880000     -0.595874
    2.900000     -0.780523
    2.920000     -0.969772
    2.940000     -1.149038
    2.960000     -1.305364
    2.980000     -1.429559
    3.000000     -1.517794
    3.020000     -1.572390
    3.040000     -1.601609
    3.060000     -1.618436
    3.080000     -1.638524
    3.100000     -1.677580
    3.120000     -1.748634
    3.140000     -1.859632
    3.160000     -2.011786
    3.180000     -2.199011
    3.200000     -2.408598
    3.220000     -2.623090
    3.240000     -2.823102
    3.260000     -2.990658
    3.280000     -3.112491
    3.300000     -3.182719
    3.320000     -3.204352
    3.340000     -3.189263
    3.360000     -3.156447
    3.380000     -3.128687
    3.400000     -3.128004
    3.420000     -3.170503
    3.440000     -3.261408
    3.460000     -3.391099
    3.480000     -3.532921
    3.500000     -3.643330
    3.520000     -3.664666
    3.540000     -3.530466
    3.560000     -3.172874
    3.580000     -2.531372
    3.600000     -1.561795
    3.620000     -0.244464
    3.640000      1.409680
    3.660000      3.355908
    3.680000      5.516114
    3.700000      7.783056
    3.720000     10.028138
    3.740000     12.112056
    3.760000     13.897220
    3.780000     15.260598
    3.800000     16.105565
    3.820000     16.371396
    3.840000     16.039309
    3.860000     15.134346
    3.880000     13.722893
    3.900000     11.906101
    3.920000      9.809997
    3.940000      7.573415
    3.960000      5.335133
    3.980000      3.221654
    4.000000      1.336935
    4.020000     -0.244872
    4.040000     -1.483051
    4.060000     -2.370122
    4.080000     -2.928128
    4.100000     -3.202093
    4.120000     -3.251664
    4.140000     -3.142112
    4.160000     -2.935847
    4.180000     -2.685473
    4.200000     -2.429113
    4.220000     -2.188393
    4.240000     -1.969066
    4.260000     -1.763927
    4.280000     -1.557354
    4.300000     -1.330639
    4.320000     -1.067239
    4.340000     -0.757151
    4.360000     -0.399784
    4.380000     -0.005001
    4.400000      0.407721
    4.420000      0.811771
    4.440000      1.177047
    4.460000      1.474140
    4.480000      1.678383
    4.500000      1.773155
    4.520000      1.751972
    4.540000      1.619106
    4.560000      1.388706
    4.580000      1.082630
    4.600000      0.727372
    4.620000      0.350576
    4.640000     -0.022315
    4.660000     -0.370823
    4.680000     -0.681241
    4.700000     -0.947302
    4.720000     -1.169716
    4.740000     -1.354762
    4.760000     -1.512241
    4.780000     -1.653169
    4.800000     -1.787644
    4.820000     -1.923173
    4.840000     -2.063735
    4.860000     -2.209623
    4.880000     -2.358022
    4.900000     -2.504130
    4.920000     -2.642528
    4.940000     -2.768493
    4.960000     -2.878977
    4.980000     -2.973031
    5.000000     -3.051599
    5.020000     -3.116707
    5.040000     -3.170240
    5.060000     -3.212545
    5.080000     -3.241184
    5.100000     -3.250136
    5.120000     -3.229672
    5.140000     -3.167044
    5.160000     -3.047963
    5.180000     -2.858709
    5.200000     -2.588606
    5.220000     -2.232470
    5.240000     -1.792675
    5.260000     -1.280436
    5.280000     -0.716073
    5.300000     -0.128096
    5.320000      0.448833
    5.340000      0.976905
    5.360000      1.418761
    5.380000      1.741290
    5.400000      1.919141
    5.420000      1.937513
    5.440000      1.793874
    5.460000      1.498394
    5.480000      1.073037
    5.500000      0.549428
    5.520000     -0.034225
    5.540000     -0.636789
    5.560000     -1.218011
    5.580000     -1.742018
    5.600000     -2.180156
    5.620000     -2.512897
    5.640000     -2.730665
    5.660000     -2.833625
    5.680000     -2.830521
    5.700000     -2.736853
    5.720000     -2.572649
    5.740000     -2.360166
    5.760000     -2.121771
    5.780000     -1.878225
    5.800000     -1.647479
    5.820000     -1.444003
    5.840000     -1.278603
    5.860000     -1.158584
    5.880000     -1.088151
    5.900000     -1.068867
    5.920000     -1.100091
    5.940000     -1.179311
    5.960000     -1.302382
    5.980000     -1.463686
    6.000000     -1.656301
    6.020000     -1.872240
    6.040000     -2.102812
    6.060000     -2.339119
    6.080000     -2.572656
    6.100000     -2.795918
    6.120000     -3.002897
    6.140000     -3.189335
    6.160000     -3.352612
    6.180000     -3.491204
    6.200000     -3.603727
    6.220000     -3.687650
    6.240000     -3.737871
    6.260000     -3.745407
    6.280000     -3.696475
    6.300000     -3.572245
    6.320000     -3.349490
    6.340000     -3.002216
    6.360000     -2.504263
    6.380000     -1.832688
    6.400000     -0.971580
    6.420000      0.084134
    6.440000      1.325404
    6.460000      2.726833
    6.480000      4.245929
    6.500000      5.824144
    6.520000      7.389795
    6.540000      8.862735
    6.560000     10.160407
    6.580000     11.204735
    6.600000     11.929126
    6.620000     12.284834
    6.640000     12.245955
    6.660000     11.812443
    6.680000     11.010751
    6.700000      9.891958
    6.720000      8.527532
    6.740000      7.003152
    6.760000      5.411226
    6.780000      3.842913
    6.800000      2.380489
    6.820000      1.090861
    6.840000      0.020876
    6.860000     -0.805136
    6.880000     -1.385435
    6.900000     -1.738672
    6.920000     -1.899805
    6.940000     -1.914712
    6.960000     -1.834197
    6.980000     -1.708139
    7.000000     -1.580417
    7.020000     -1.485165
    7.040000     -1.444645
    7.060000     -1.468826
    7.080000     -1.556521
    7.100000     -1.697736
    7.120000     -1.876775
    7.140000     -2.075548
    7.160000     -2.276595
    7.180000     -2.465404
    7.200000     -2.631763
    7.220000     -2.770049
    7.240000     -2.878550
    7.260000     -2.958057
    7.280000     -3.010074
    7.300000     -3.035034
    7.320000     -3.030895
    7.340000     -2.992395
    7.360000     -2.911154
    7.380000     -2.776607
    7.400000     -2.577669
    7.420000     -2.304840
    7.440000     -1.952455
    7.460000     -1.520657
    7.480000     -1.016797
    7.500000     -0.455977
    7.520000      0.139396
    7.540000      0.741042
    7.560000      1.317083
    7.580000      1.834894
    7.600000      2.264189
    7.620000      2.579962
    7.640000      2.764918
    7.660000      2.811115
    7.680000      2.720614
    7.700000      2.505099
    7.720000      2.184526
    7.740000      1.784994
    7.760000      1.336105
    7.780000      0.868144
    7.800000      0.409387
    7.820000     -0.016177
    7.840000     -0.390494
    7.860000     -0.702368
    7.880000     -0.947612
    7.900000     -1.128526
    7.920000     -1.252819
    7.940000     -1.332183
    7.960000     -1.380693
    7.980000     -1.413225
    8.000000     -1.444028
    8.020000     -1.485543
    8.040000     -1.547507
    8.060000     -1.636329
    8.080000     -1.754714
    8.100000     -1.901481
    8.120000     -2.071532
    8.140000     -2.255944
    8.160000     -2.442212
    8.180000     -2.614638
    8.200000     -2.754937
    8.220000     -2.843107
    8.240000     -2.858573
    8.260000     -2.781617
    8.280000     -2.595035
    8.300000     -2.285920
    8.320000     -1.847404
    8.340000     -1.280186
    8.360000     -0.593632
    8.380000      0.193733
    8.400000      1.054486
    8.420000      1.953398
    8.440000      2.849333
    8.460000      3.697854
    8.480000      4.454335
    8.500000      5.077307
    8.520000      5.531710
    8.540000      5.791747
    8.560000      5.843029
    8.580000      5.683779
    8.600000      5.324970
    8.620000      4.789365
    8.640000      4.109558
    8.660000      3.325196
    8.680000      2.479694
    8.700000      1.616748
    8.720000      0.776997
    8.740000     -0.004836
    8.760000     -0.702093
    8.780000     -1.297429
    8.800000     -1.783116
    8.820000     -2.160424
    8.840000     -2.438237
    8.860000     -2.631085
    8.880000     -2.756873
    8.900000     -2.834538
    8.920000     -2.881923
    8.940000     -2.914026
    8.960000     -2.941799
    8.980000     -2.971539
    9.000000     -3.004887
    9.020000     -3.039344
    9.040000     -3.069197
    9.060000     -3.086717
    9.080000     -3.083446
    9.100000     -3.051456
    9.120000     -2.984429
    9.140000     -2.878489
    9.160000     -2.732715
    9.180000     -2.549335
    9.200000     -2.333604
    9.220000     -2.093422
    9.240000     -1.838723
    9.260000     -1.580737
    9.280000     -1.331164
    9.300000     -1.101337
    9.320000     -0.901440
    9.340000     -0.739824
    9.360000     -0.622475
    9.380000     -0.552668
    9.400000     -0.530835
    9.420000     -0.554654
    9.440000     -0.619361
    9.460000     -0.718264
    9.480000     -0.843405
    9.500000     -0.986330
    9.520000     -1.138866
    9.540000     -1.293823
    9.560000     -1.445546
    9.580000     -1.590214
    9.600000     -1.725846
    9.620000     -1.851975
    9.640000     -1.969023
    9.660000     -2.077419
    9.680000     -2.176568
    9.700000     -2.263820
    9.720000     -2.333563
    9.740000     -2.376635
    9.760000     -2.380156
    9.780000     -2.327892
    9.800000     -2.201197
    9.820000     -1.980489
    9.840000     -1.647161
    9.860000     -1.185764
    9.880000     -0.586252
    9.900000      0.153987
    9.920000      1.028521
    9.940000      2.020945
    9.960000      3.104771
    9.980000      4.244234
   10.000000      5.396001
   10.020000      6.511687
   10.040000      7.540973
   10.060000      8.435072
   10.080000      9.150230
   10.100000      9.650934
   10.120000      9.912541
   10.140000      9.923074
   10.160000      9.684019
   10.180000      9.210063
   10.200000      8.527818
   10.220000      7.673635
   10.240000      6.690770
   10.260000      5.626140
   10.280000      4.526998
   10.300000      3.437801
   10.320000      2.397556
   10.340000      1.437820
   10.360000      0.581489
   10.380000     -0.157579
   10.400000     -0.774188
   10.420000     -1.270752
   10.440000     -1.655782
   10.460000     -1.942078
   10.480000     -2.144873
   10.500000     -2.280087
   10.520000     -2.362872
   10.540000     -2.406541
   10.560000     -2.421923
   10.580000     -2.417161
   10.600000     -2.397871
   10.620000     -2.367589
   10.640000     -2.328395
   10.660000     -2.281588
   10.680000     -2.228323
   10.700000     -2.170111
   10.720000     -2.109142
   10.740000     -2.048404
   10.760000     -1.991600
   10.780000     -1.942912
   10.800000     -1.906645
   10.820000     -1.886832
   10.840000     -1.886829
   10.860000     -1.908984
   10.880000     -1.954374
   10.900000     -2.022669
   10.920000     -2.112089
   10.940000     -2.219466
   10.960000     -2.340364
   10.980000     -2.469260
   11.000000     -2.599735
   11.020000     -2.724664
   11.040000     -2.836402
   11.060000     -2.926963
   11.080000     -2.988191
   11.100000     -3.011959
   11.120000     -2.990401
   11.140000     -2.916200
   11.160000     -2.782940
   11.180000     -2.585522
   11.200000     -2.320623
   11.220000     -1.987186
   11.240000     -1.586872
   11.260000     -1.124449
   11.280000     -0.608049
   11.300000     -0.049241
   11.320000      0.537113
   11.340000      1.133256
   11.360000      1.719189
   11.380000      2.273558
   11.400000      2.774732
   11.420000      3.202014
   11.440000      3.536882
   11.460000      3.764190
   11.480000      3.873202
   11.500000      3.858403
   11.520000      3.719980
   11.540000      3.463949
   11.560000      3.101897
   11.580000      2.650354
   11.600000      2.129846
   11.620000      1.563690
   11.640000      0.976642
   11.660000      0.393490
   11.680000     -0.162287
   11.700000     -0.669719
   11.720000     -1.111284
   11.740000     -1.473581
   11.760000     -1.747665
   11.780000     -1.929088
   11.800000     -2.017654
   11.820000     -2.016953
   11.840000     -1.933755
   11.860000     -1.777311
   11.880000     -1.558668
   11.900000     -1.290022
   11.920000     -0.984170
   11.940000     -0.654076
   11.960000     -0.312550
   11.980000      0.027995
   12.000000      0.355711
   12.020000      0.659473
   12.040000      0.929044
   12.060000      1.155281
   12.080000      1.330391
   12.100000      1.448234
   12.120000      1.504639
   12.140000      1.497723
   12.160000      1.428135
   12.180000      1.299216
   12.200000      1.116999
   12.220000      0.890056
   12.240000      0.629157
   12.260000      0.346761
   12.280000      0.056376
   12.300000     -0.228190
   12.320000     -0.493594
   12.340000     -0.727715
   12.360000     -0.920305
   12.380000     -1.063521
   12.400000     -1.152273
   12.420000     -1.184388
   12.440000     -1.160591
   12.460000     -1.084305
   12.480000     -0.961341
   12.500000     -0.799462
   12.520000     -0.607921
   12.540000     -0.396969
   12.560000     -0.177379
   12.580000      0.039991
   12.600000      0.244594
   12.620000      0.426554
   12.640000      0.576983
   12.660000      0.688279
   12.680000      0.754404
   12.700000      0.771139
   12.720000      0.736312
   12.740000      0.649993
   12.760000      0.514603
   12.780000      0.334949
   12.800000      0.118128
   12.820000     -0.126698
   12.840000     -0.388674
   12.860000     -0.655767
   12.880000     -0.915383
   12.900000     -1.155072
   12.920000     -1.363254
   12.940000     -1.529924
   12.960000     -1.647265
   12.980000     -1.710129
   13.000000     -1.716342
   13.020000     -1.666812
   13.040000     -1.565433
   13.060000     -1.418797
   13.080000     -1.235753
   13.100000     -1.026839
   13.120000     -0.803645
   13.140000     -0.578154
   13.160000     -0.362096
   13.180000     -0.166350
   13.200000     -0.000432
   13.220000      0.127948
   13.240000      0.213231
   13.260000      0.252277
   13.280000      0.244542
   13.300000      0.192192
   13.320000      0.100122
   13.340000     -0.024106
   13.360000     -0.170431
   13.380000     -0.326591
   13.400000     -0.478553
   13.420000     -0.611091
   13.440000     -0.708520
   13.460000     -0.755543
   13.480000     -0.738204
   13.500000     -0.644861
   13.520000     -0.467139
   13.540000     -0.200761
   13.560000      0.153814
   13.580000      0.591012
   13.600000      1.100093
   13.620000      1.665446
   13.640000      2.267246
   13.660000      2.882417
   13.680000      3.485872
   13.700000      4.051918
   13.720000      4.555729
   13.740000      4.974784
   13.760000      5.290150
   13.780000      5.487520
   13.800000      5.557944
   13.820000      5.498192
   13.840000      5.310757
   13.860000      5.003509
   13.880000      4.589042
   13.900000      4.083790
   13.920000      3.506983
   13.940000      2.879527
   13.960000      2.222892
   13.980000      1.558057
   14.000000      0.904592
   14.020000      0.279893
   14.040000     -0.301406
   14.060000     -0.827827
   14.080000     -1.291263
   14.100000     -1.687015
   14.120000     -2.013677
   14.140000     -2.272870
   14.160000     -2.468861
   14.180000     -2.608071
   14.200000     -2.698502
   14.220000     -2.749104
   14.240000     -2.769115
   14.260000     -2.767401
   14.280000     -2.751843
   14.300000     -2.728811
   14.320000     -2.702756
   14.340000     -2.675959
   14.360000     -2.648466
   14.380000     -2.618213
   14.400000     -2.581329
   14.420000     -2.532610
   14.440000     -2.466103
   14.460000     -2.375768
   14.480000     -2.256145
   14.500000     -2.102967
   14.520000     -1.913665
   14.540000     -1.687728
   14.560000     -1.426874
   14.580000     -1.135043
   14.600000     -0.818213
   14.620000     -0.484065
   14.640000     -0.141545
   14.660000      0.199627
   14.680000      0.529475
   14.700000      0.838237
   14.720000      1.116784
   14.740000      1.356961
   14.760000      1.551837
   14.780000      1.695886
   14.800000      1.785112
   14.820000      1.817125
   14.840000      1.791198
   14.860000      1.708317
   14.880000      1.571205
   14.900000      1.384344
   14.920000      1.153934
   14.940000      0.887812
   14.960000      0.595263
   14.980000      0.286739
   15.000000     -0.026545
   15.020000     -0.333117
   15.040000     -0.621838
   15.060000     -0.882535
   15.080000     -1.106620
   15.100000     -1.287639
   15.120000     -1.421686
   15.140000     -1.507635
   15.160000     -1.547155
   15.180000     -1.544488
   15.200000     -1.506007
   15.220000     -1.439599
   15.240000     -1.353909
   15.260000     -1.257547
   15.280000     -1.158319
   15.300000     -1.062567
   15.320000     -0.974683
   15.340000     -0.896851
   15.360000     -0.829022
   15.380000     -0.769124
   15.400000     -0.713480
   15.420000     -0.657365
   15.440000     -0.595650
   15.460000     -0.523448
   15.480000     -0.436695
   15.500000     -0.332617
   15.520000     -0.210032
   15.540000     -0.069484
   15.560000      0.086810
   15.580000      0.255147
   15.600000      0.430647
   15.620000      0.607630
   15.640000      0.780011
   15.660000      0.941685
   15.680000      1.086855
   15.700000      1.210311
   15.720000      1.307628
   15.740000      1.375309
   15.760000      1.410878
   15.780000      1.412936
   15.800000      1.381203
   15.820000      1.316541
   15.840000      1.220963
   15.860000      1.097629
   15.880000      0.950791
   15.900000      0.785698
   15.920000      0.608419
   15.940000      0.425603
   15.960000      0.244150
   15.980000      0.070827
   16.000000     -0.088156
   16.020000     -0.227561
   16.040000     -0.343506
   16.060000     -0.433737
   16.080000     -0.497790
   16.100000     -0.536982
   16.120000     -0.554238
   16.140000     -0.553756
   16.160000     -0.540534
   16.180000     -0.519819
   16.200000     -0.496514
   16.220000     -0.474630
   16.240000     -0.456825
   16.260000     -0.444094
   16.280000     -0.435652
   16.300000     -0.429005
   16.320000     -0.420224
   16.340000     -0.404375
   16.360000     -0.376078
   16.380000     -0.330109
   16.400000     -0.262005
   16.420000     -0.168599
   16.440000     -0.048424
   16.460000      0.098031
   16.480000      0.268254
   16.500000      0.457811
   16.520000      0.660620
   16.540000      0.869336
   16.560000      1.075834
   16.580000      1.271724
   16.600000      1.448859
   16.620000      1.599794
   16.640000      1.718185
   16.660000      1.799076
   16.680000      1.839104
   16.700000      1.836589
   16.720000      1.791548
   16.740000      1.705626
   16.760000      1.581952
   16.780000      1.424960
   16.800000      1.240158
   16.820000      1.033865
   16.840000      0.812923
   16.860000      0.584391
   16.880000      0.355237
   16.900000      0.132022
   16.920000     -0.079382
   16.940000     -0.274046
   16.960000     -0.448186
   16.980000     -0.599276
   17.000000     -0.726090
   17.020000     -0.828640
   17.040000     -0.908030
   17.060000     -0.966215
   17.080000     -1.005716
   17.100000     -1.029299
   17.120000     -1.039647
   17.140000     -1.039079
   17.160000     -1.029340
   17.180000     -1.011470
   17.200000     -0.985791
   17.220000     -0.951991
   17.240000     -0.909303
   17.260000     -0.856749
   17.280000     -0.793425
   17.300000     -0.718773
   17.320000     -0.632826
   17.340000     -0.536371
   17.360000     -0.431028
   17.380000     -0.319228
   17.400000     -0.204089
   17.420000     -0.089214
   17.440000      0.021566
   17.460000      0.124473
   17.480000      0.216057
   17.500000      0.293429
   17.520000      0.354431
   17.540000      0.397730
   17.560000      0.422838
   17.580000      0.430055
   17.600000      0.420362
   17.620000      0.395274
   17.640000      0.356688
   17.660000      0.306738
   17.680000      0.247674
   17.700000      0.181778
   17.720000      0.111309
   17.740000      0.038485
   17.760000     -0.034529
   17.780000     -0.105615
   17.800000     -0.172722
   17.820000     -0.233890
   17.840000     -0.287307
   17.860000     -0.331386
   17.880000     -0.364848
   17.900000     -0.386819
   17.920000     -0.396894
   17.940000     -0.395189
   17.960000     -0.382331
   17.980000     -0.359423
   18.000000     -0.327948
   18.020000     -0.289637
   18.040000     -0.246324
   18.060000     -0.199795
   18.080000     -0.151653
   18.100000     -0.103224
   18.120000     -0.055516
   18.140000     -0.009232
   18.160000      0.035161
   18.180000      0.077320
   18.200000      0.116888
   18.220000      0.153356
   18.240000      0.185947
   18.260000      0.213544
   18.280000      0.234674
   18.300000      0.247570
   18.320000      0.250280
   18.340000      0.240850
   18.360000      0.217520
   18.380000      0.178943
   18.400000      0.124376
   18.420000      0.053836
   18.440000     -0.031816
   18.460000     -0.130860
   18.480000     -0.240778
   18.500000     -0.358384
   18.520000     -0.480011
   18.540000     -0.601726
   18.560000     -0.719552
   18.580000     -0.829677
   18.600000     -0.928631
   18.620000     -1.013411
   18.640000     -1.081555
   18.660000     -1.131174
   18.680000     -1.160926
   18.700000     -1.169979
   18.720000     -1.157957
   18.740000     -1.124883
   18.760000     -1.071143
   18.780000     -0.997467
   18.800000     -0.904934
   18.820000     -0.794988
   18.840000     -0.669465
   18.860000     -0.530612
   18.880000     -0.381092
   18.900000     -0.223957
   18.920000     -0.062596
   18.940000      0.099357
   18.960000      0.258139
   18.980000      0.409999
   19.000000      0.551337
   19.020000      0.678844
   19.040000      0.789624
   19.060000      0.881279
   19.080000      0.951963
   19.100000      1.000411
   19.120000      1.025923
   19.140000      1.028339
   19.160000      1.007997
   19.180000      0.965689
   19.200000      0.902631
   19.220000      0.820438
   19.240000      0.721120
   19.260000      0.607077
   19.280000      0.481105
   19.300000      0.346390
   19.320000      0.206477
   19.340000      0.065213
   19.360000     -0.073338
   19.380000     -0.205030
   19.400000     -0.325783
   19.420000     -0.431766
   19.440000     -0.519577
   19.460000     -0.586411
   19.480000     -0.630204
   19.500000     -0.649735
   19.520000     -0.644668
   19.540000     -0.615545
   19.560000     -0.563720
   19.580000     -0.491249
   19.600000     -0.400745
   19.620000     -0.295222
   19.640000     -0.177929
   19.660000     -0.052210
   19.680000      0.078617
   19.700000      0.211349
   19.720000      0.342946
   19.740000      0.470559
   19.760000      0.591539
   19.780000      0.703431
   19.800000      0.803982
   19.820000      0.891152
   19.840000      0.963146
   19.860000      1.018471
   19.880000      1.056006
   19.900000      1.075069
   19.920000      1.075497
   19.940000      1.057691
   19.960000      1.022648
   19.980000      0.971943
   20.000000      0.907671
   20.020000      0.832358
   20.040000      0.748824
   20.060000      0.660028
   20.080000      0.568909
   20.100000      0.478218
   20.120000      0.390388
   20.140000      0.307428
   20.160000      0.230847
   20.180000      0.161642
   20.200000      0.100310
   20.220000      0.046894
   20.240000      0.001065
   20.260000     -0.037796
   20.280000     -0.070516
   20.300000     -0.098040
   20.320000     -0.121378
   20.340000     -0.141549
   20.360000     -0.159555
   20.380000     -0.176365
   20.400000     -0.192899
   20.420000     -0.210028
   20.440000     -0.228557
   20.460000     -0.249210
   20.480000     -0.272609
   20.500000     -0.299240
   20.520000     -0.329428
   20.540000     -0.363309
   20.560000     -0.400814
   20.580000     -0.441667
   20.600000     -0.485396
   20.620000     -0.531365
   20.640000     -0.578810
   20.660000     -0.626893
   20.680000     -0.674743
   20.700000     -0.721500
   20.720000     -0.766341
   20.740000     -0.808487
   20.760000     -0.847200
   20.780000     -0.881752
   20.800000     -0.911397
   20.820000     -0.935332
   20.840000     -0.952673
   20.860000     -0.962444
   20.880000     -0.963591
   20.900000     -0.955017
   20.920000     -0.935659
   20.940000     -0.904569
   20.960000     -0.861018
   20.980000     -0.804604
   21.000000     -0.735340
   21.020000     -0.653724
   21.040000     -0.560778
   21.060000     -0.458041
   21.080000     -0.347528
   21.100000     -0.231646
   21.120000     -0.113081
   21.140000      0.005330
   21.160000      0.120736
   21.180000      0.230400
   21.200000      0.331808
   21.220000      0.422751
   21.240000      0.501377
   21.260000      0.566215
   21.280000      0.616170
   21.300000      0.650507
   21.320000      0.668824
   21.340000      0.671030
   21.360000      0.657329
   21.380000      0.628223
   21.400000      0.584523
   21.420000      0.527377
   21.440000      0.458298
   21.460000      0.379178
   21.480000      0.292300
   21.500000      0.200305
   21.520000      0.106146
   21.540000      0.012986
   21.560000     -0.075921
   21.580000     -0.157383
   21.600000     -0.228439
   21.620000     -0.286521
   21.640000     -0.329602
   21.660000     -0.356326
   21.680000     -0.366076
   21.700000     -0.359006
   21.720000     -0.336017
   21.740000     -0.298679
   21.760000     -0.249114
   21.780000     -0.189846
   21.800000     -0.123638
   21.820000     -0.053323
   21.840000      0.018351
   21.860000      0.088846
   21.880000      0.155936
   21.900000      0.217768
   21.920000      0.272884
   21.940000      0.320218
   21.960000      0.359067
   21.980000      0.389044
   22.000000      0.410030
   22.020000      0.422122
   22.040000      0.425592
   22.060000      0.420853
   22.080000      0.408440
   22.100000      0.388999
   22.120000      0.363284
   22.140000      0.332152
   22.160000      0.296563
   22.180000      0.257562
   22.200000      0.216268
   22.220000      0.173836
   22.240000      0.131426
   22.260000      0.090152
   22.280000      0.051037
   22.300000      0.014966
   22.320000     -0.017357
   22.340000     -0.045434
   22.360000     -0.069001
   22.380000     -0.088025
   22.400000     -0.102699
   22.420000     -0.113416
   22.440000     -0.120735
   22.460000     -0.125335
   22.480000     -0.127965
   22.500000     -0.129396
   22.520000     -0.130366
   22.540000     -0.131533
   22.560000     -0.133443
   22.580000     -0.136497
   22.600000     -0.140932
   22.620000     -0.146822
   22.640000     -0.154075
   22.660000     -0.162456
   22.680000     -0.171607
   22.700000     -0.181079
   22.720000     -0.190365
   22.740000     -0.198928
   22.760000     -0.206236
   22.780000     -0.211783
   22.800000     -0.215102
   22.820000     -0.215775
   22.840000     -0.213432
   22.860000     -0.207744
   22.880000     -0.198419
   22.900000     -0.185189
   22.920000     -0.167811
   22.940000     -0.146071
   22.960000     -0.119795
   22.980000     -0.088877
   23.000000     -0.053308
   23.020000     -0.013214
   23.040000      0.031099
   23.060000      0.079121
   23.080000      0.130104
   23.100000      0.183065
   23.120000      0.236793
   23.140000      0.289888
   23.160000      0.340819
   23.180000      0.387998
   23.200000      0.429871
   23.220000      0.465013
   23.240000      0.492213
   23.260000      0.510552
   23.280000      0.519463
   23.300000      0.518753
   23.320000      0.508612
   23.340000      0.489581
   23.360000      0.462503
   23.380000      0.428454
   23.400000      0.388664
   23.420000      0.344434
   23.440000      0.297068
   23.460000      0.247807
   23.480000      0.197792
   23.500000      0.148038
   23.520000      0.099433
   23.540000      0.052740
   23.560000      0.008624
   23.580000     -0.032334
   23.600000     -0.069619
   23.620000     -0.102772
   23.640000     -0.131390
   23.660000     -0.155143
   23.680000     -0.173789
   23.700000     -0.187203
   23.720000     -0.195400
   23.740000     -0.198556
   23.760000     -0.197015
   23.780000     -0.191287
   23.800000     -0.182032
   23.820000     -0.170025
   23.840000     -0.156121
   23.860000     -0.141205
   23.880000     -0.126150
   23.900000     -0.111773
   23.920000     -0.098801
   23.940000     -0.087851
   23.960000     -0.079416
   23.980000     -0.073858
   24.000000     -0.071415
   24.020000     -0.072201
   24.040000     -0.076217
   24.060000     -0.083342
   24.080000     -0.093340
   24.100000     -0.105846
   24.120000     -0.120368
   24.140000     -0.136284
   24.160000     -0.152850
   24.180000     -0.169223
   24.200000     -0.184500
   24.220000     -0.197771
   24.240000     -0.208189
   24.260000     -0.215039
   24.280000     -0.217816
   24.300000     -0.216288
   24.320000     -0.210536
   24.340000     -0.200971
   24.360000     -0.188313
   24.380000     -0.173535
   24.400000     -0.157776
   24.420000     -0.142237
   24.440000     -0.128048
   24.460000     -0.116154
   24.480000     -0.107208
   24.500000     -0.101496
   24.520000     -0.098906
   24.540000     -0.098940
   24.560000     -0.100767
   24.580000     -0.103323
   24.600000     -0.105431
   24.620000     -0.105940
   24.640000     -0.103848
   24.660000     -0.098417
   24.680000     -0.089237
   24.700000     -0.076263
   24.720000     -0.059792
   24.740000     -0.040404
   24.760000     -0.018869
   24.780000      0.003963
   24.800000      0.027271
   24.820000      0.050370
   24.840000      0.072771
   24.860000      0.094216
   24.880000      0.114664
   24.900000      0.134243
   24.920000      0.153170
   24.940000      0.171653
   24.960000      0.189797
   24.980000      0.207524
   25.000000      0.224521
   25.020000      0.240239
   25.040000      0.253918
   25.060000      0.264664
   25.080000      0.271555
   25.100000      0.273760
   25.120000      0.270659
   25.140000      0.261943
   25.160000      0.247688
   25.180000      0.228374
   25.200000      0.204870
   25.220000      0.178360
   25.240000      0.150241
   25.260000      0.121997
   25.280000      0.095058
   25.300000      0.070680
   25.320000      0.049845
   25.340000      0.033193
   25.360000      0.021011
   25.380000      0.013250
   25.400000      0.009585
   25.420000      0.009496
   25.440000      0.012368
   25.460000      0.017575
   25.480000      0.024553
   25.500000      0.032847
   25.520000      0.042125
   25.540000      0.052155
   25.560000      0.062766
   25.580000      0.073793
   25.600000      0.085012
   25.620000      0.096099
   25.640000      0.106596
   25.660000      0.115917
   25.680000      0.123383
   25.700000      0.128281
   25.720000      0.129945
   25.740000      0.127842
   25.760000      0.121663
   25.780000      0.111378
   25.800000      0.097280
   25.820000      0.079974
   25.840000      0.060344
   25.860000      0.039471
   25.880000      0.018536
   25.900000     -0.001293
   25.920000     -0.018979
   25.940000     -0.033707
   25.960000     -0.044961
   25.980000     -0.052551
   26.000000     -0.056611
   26.020000     -0.057553
   26.040000     -0.055997
   26.060000     -0.052678
   26.080000     -0.048346
   26.100000     -0.043679
   26.120000     -0.039209
   26.140000     -0.035282
   26.160000     -0.032039
   26.180000     -0.029439
   26.200000     -0.027305
   26.220000     -0.025376
   26.240000     -0.023384
   26.260000     -0.021111
   26.280000     -0.018441
   26.300000     -0.015381
   26.320000     -0.012073
   26.340000     -0.008761
   26.360000     -0.005763
   26.380000     -0.003408
   26.400000     -0.001980
   26.420000     -0.001669
   26.440000     -0.002532
   26.460000     -0.004467
   26.480000     -0.007219
   26.500000     -0.010400
   26.520000     -0.013529
   26.540000     -0.016081
   26.560000     -0.017547
   26.580000     -0.017488
   26.600000     -0.015573
   26.620000     -0.011620
   26.640000     -0.005609
   26.660000      0.002321
   26.680000      0.011883
   26.700000      0.022670
   26.720000      0.034187
   26.740000      0.045886
   26.760000      0.057203
   26.780000      0.067588
   26.800000      0.076535
   26.820000      0.083600
   26.840000      0.088418
   26.860000      0.090719
   26.880000      0.090336
   26.900000      0.087213
   26.920000      0.081409
   26.940000      0.073099
   26.960000      0.062569
   26.980000      0.050205
   27.000000      0.036479
   27.020000      0.021914
   27.040000      0.007063
   27.060000     -0.007541
   27.080000     -0.021412
   27.100000     -0.034150
   27.120000     -0.045469
   27.140000     -0.055210
   27.160000     -0.063344
   27.180000     -0.069956
   27.200000     -0.075216
   27.220000     -0.079341
   27.240000     -0.082550
   27.260000     -0.085023
   27.280000     -0.086861
   27.300000     -0.088064
   27.320000     -0.088529
   27.340000     -0.088055
   27.360000     -0.086384
   27.380000     -0.083240
   27.400000     -0.078379
   27.420000     -0.071650
   27.440000     -0.063031
   27.460000     -0.052663
   27.480000     -0.040862
   27.500000     -0.028098
   27.520000     -0.014969
   27.540000     -0.002139
   27.560000      0.009721
   27.580000      0.020006
   27.600000      0.028233
   27.620000      0.034095
   27.640000      0.037484
   27.660000      0.038502
   27.680000      0.037430
   27.700000      0.034697
   27.720000      0.030821
   27.740000      0.026344
   27.760000      0.021775
   27.780000      0.017538
   27.800000      0.013934
   27.820000      0.011133
   27.840000      0.009176
   27.860000      0.007997
   27.880000      0.007467
   27.900000      0.007431
   27.920000      0.007751
   27.940000      0.008341
   27.960000      0.009186
   27.980000      0.010343
   28.000000      0.011931
   28.020000      0.014098
   28.040000      0.016992
   28.060000      0.020714
   28.080000      0.025295
   28.100000      0.030667
   28.120000      0.036653
   28.140000      0.042983
   28.160000      0.049314
   28.180000      0.055267
   28.200000      0.060471
   28.220000      0.064612
   28.240000      0.067459
   28.260000      0.068901
   28.280000      0.068948
   28.300000      0.067728
   28.320000      0.065462
   28.340000      0.062426
   28.360000      0.058912
   28.380000      0.055184
   28.400000      0.051438
   28.420000      0.047778
   28.440000      0.044210
   28.460000      0.040637
   28.480000      0.036886
   28.500000      0.032738
   28.520000      0.027959
   28.540000      0.022346
   28.560000      0.015759
   28.580000      0.008146
   28.600000     -0.000442
   28.620000     -0.009852
   28.640000     -0.019834
   28.660000     -0.030066
   28.680000     -0.040173
   28.700000     -0.049764
   28.720000     -0.058452
   28.740000     -0.065878
   28.760000     -0.071732
   28.780000     -0.075764
   28.800000     -0.077792
   28.820000     -0.077705
   28.840000     -0.075469
   28.860000     -0.071126
   28.880000     -0.064799
   28.900000     -0.056694
   28.920000     -0.047102
   28.940000     -0.036395
   28.960000     -0.025015
   28.980000     -0.013459
   29.000000     -0.002254
   29.020000      0.008078
   29.040000      0.017062
   29.060000      0.024312
   29.080000      0.029570
   29.100000      0.032739
   29.120000      0.033902
   29.140000      0.033316
   29.160000      0.031397
   29.180000      0.028677
   29.200000      0.025744
   29.220000      0.023178
   29.240000      0.021476
   29.260000      0.020984
   29.280000      0.021859
   29.300000      0.024031
   29.320000      0.027206
   29.340000      0.030905
   29.360000      0.034510
   29.380000      0.037349
   29.400000      0.038783
   29.420000      0.038295
   29.440000      0.035565
   29.460000      0.030530
   29.480000      0.023405
   29.500000      0.014672
   29.520000      0.005040
   29.540000     -0.004635
   29.560000     -0.013441
   29.580000     -0.020519
   29.600000     -0.025165
   29.620000     -0.026913
   29.640000     -0.025597
   29.660000     -0.021375
   29.680000     -0.014717
   29.700000     -0.006356
   29.720000      0.002792
   29.740000      0.011731
   29.760000      0.019490
   29.780000      0.025227
   29.800000      0.028325
   29.820000      0.028448
   29.840000      0.025574
   29.860000      0.019988
   29.880000      0.012248
   29.900000      0.003112
   29.920000     -0.006544
   29.940000     -0.015822
   29.960000     -0.023900
   29.980000     -0.030108
   30.000000     -0.033994
   30.020000     -0.035360
   30.040000     -0.034272
   30.060000     -0.031035
   30.080000     -0.026154
   30.100000     -0.020276
   30.120000     -0.014112
   30.140000     -0.008361
   30.160000     -0.003647
   30.180000     -0.000453
   30.200000      0.000918
   30.220000      0.000367
   30.240000     -0.002000
   30.260000     -0.005894
   30.280000     -0.010877
   30.300000     -0.016417
   30.320000     -0.021947
   30.340000     -0.026930
   30.360000     -0.030919
   30.380000     -0.033609
   30.400000     -0.034872
   30.420000     -0.034778
   30.440000     -0.033588
   30.460000     -0.031729
   30.480000     -0.029753
   30.500000     -0.028267
   30.520000     -0.027868
   30.540000     -0.029065
   30.560000     -0.032210
   30.580000     -0.037445
   30.600000     -0.044666
   30.620000     -0.053519
   30.640000     -0.063424
   30.660000     -0.073623
   30.680000     -0.083257
   30.700000     -0.091460
   30.720000     -0.097452
   30.740000     -0.100636
   30.760000     -0.100667
   30.780000     -0.097500
   30.800000     -0.091399
   30.820000     -0.082915
   30.840000     -0.072819
   30.860000     -0.062013
   30.880000     -0.051420
   30.900000     -0.041871
   30.920000     -0.034000
   30.940000     -0.028165
   30.960000     -0.024406
   30.980000     -0.022442
   31.000000     -0.021713
   31.020000     -0.021463
   31.040000     -0.020845
   31.060000     -0.019048
   31.080000     -0.015414
   31.100000     -0.009540
   31.120000     -0.001346
   31.140000      0.008902
   31.160000      0.020619
   31.180000      0.032963
   31.200000      0.044947
   31.220000      0.055564
   31.240000      0.063916
   31.260000      0.069336
   31.280000      0.071471
   31.300000      0.070329
   31.320000      0.066276
   31.340000      0.059981
   31.360000      0.052325
   31.380000      0.044278
   31.400000      0.036770
   31.420000      0.030563
   31.440000      0.026159
   31.460000      0.023737
   31.480000      0.023143
   31.500000      0.023932
   31.520000      0.025439
   31.540000      0.026898
   31.560000      0.027554
   31.580000      0.026794
   31.600000      0.024228
   31.620000      0.019760
   31.640000      0.013593
   31.660000      0.006201
   31.680000     -0.001743
   31.700000     -0.009476
   31.720000     -0.016254
   31.740000     -0.021466
   31.760000     -0.024727
   31.780000     -0.025926
   31.800000     -0.025243
   31.820000     -0.023115
   31.840000     -0.020160
   31.860000     -0.017080
   31.880000     -0.014546
   31.900000     -0.013098
   31.920000     -0.013054
   31.940000     -0.014469
   31.960000     -0.017122
   31.980000     -0.020562
   32.000000     -0.024184
   32.020000     -0.027324
   32.040000     -0.029380
   32.060000     -0.029912
   32.080000     -0.028720
   32.100000     -0.025892
   32.120000     -0.021794
   32.140000     -0.017030
   32.160000     -0.012353
   32.180000     -0.008557
   32.200000     -0.006354
   32.220000     -0.006266
   32.240000     -0.008542
   32.260000     -0.013105
   32.280000     -0.019559
   32.300000     -0.027234
   32.320000     -0.035266
   32.340000     -0.042720
   32.360000     -0.048706
   32.380000     -0.052502
   32.400000     -0.053644
   32.420000     -0.051982
   32.440000     -0.047696
   32.460000     -0.041257
   32.480000     -0.033357
   32.500000     -0.024805
   32.520000     -0.016417
   32.540000     -0.008903
   32.560000     -0.002776
   32.580000      0.001700
   32.600000      0.004531
   32.620000      0.005967
   32.640000      0.006445
   32.660000      0.006502
   32.680000      0.006678
   32.700000      0.007426
   32.720000      0.009040
   32.740000      0.011604
   32.760000      0.014986
   32.780000      0.018864
   32.800000      0.022779
   32.820000      0.026212
   32.840000      0.028669
   32.860000      0.029757
   32.880000      0.029246
   32.900000      0.027103
   32.920000      0.023494
   32.940000      0.018753
   32.960000      0.013334
   32.980000      0.007741
   33.000000      0.002452
   33.020000     -0.002142
   33.040000     -0.005786
   33.060000     -0.008387
   33.080000     -0.010009
   33.100000     -0.010839
   33.120000     -0.011149
   33.140000     -0.011232
   33.160000     -0.011348
   33.180000     -0.011680
   33.200000     -0.012301
   33.220000     -0.013175
   33.240000     -0.014169
   33.260000     -0.015095
   33.280000     -0.015750
   33.300000     -0.015972
   33.320000     -0.015682
   33.340000     -0.014906
   33.360000     -0.013789
   33.380000     -0.012572
   33.400000     -0.011555
   33.420000     -0.011050
   33.440000     -0.011321
   33.460000     -0.012534
   33.480000     -0.014723
   33.500000     -0.017768
   33.520000     -0.021409
   33.540000     -0.025280
   33.560000     -0.028962
   33.580000     -0.032050
   33.600000     -0.034215
   33.620000     -0.035265
   33.640000     -0.035177
   33.660000     -0.034108
   33.680000     -0.032372
   33.700000     -0.030396
   33.720000     -0.028651
   33.740000     -0.027576
   33.760000     -0.027504
   33.780000     -0.028603
   33.800000     -0.030840
   33.820000     -0.033979
   33.840000     -0.037610
   33.860000     -0.041204
   33.880000     -0.044193
   33.900000     -0.046058
   33.920000     -0.046405
   33.940000     -0.045032
   33.960000     -0.041966
   33.980000     -0.037459
   34.000000     -0.031960
   34.020000     -0.026046
   34.040000     -0.020340
   34.060000     -0.015419
   34.080000     -0.011728
   34.100000     -0.009516
   34.120000     -0.008799
   34.140000     -0.009366
   34.160000     -0.010813
   34.180000     -0.012611
   34.200000     -0.014195
   34.220000     -0.015055
   34.240000     -0.014819
   34.260000     -0.013319
   34.280000     -0.010614
   34.300000     -0.006987
   34.320000     -0.002893
   34.340000      0.001109
   34.360000      0.004453
   34.380000      0.006656
   34.400000      0.007405
   34.420000      0.006611
   34.440000      0.004432
   34.460000      0.001251
   34.480000     -0.002376
   34.500000     -0.005809
   34.520000     -0.008420
   34.540000     -0.009696
   34.560000     -0.009323
   34.580000     -0.007239
   34.600000     -0.003653
   34.620000      0.000990
   34.640000      0.006068
   34.660000      0.010888
   34.680000      0.014789
   34.700000      0.017256
   34.720000      0.018009
   34.740000      0.017060
   34.760000      0.014724
   34.780000      0.011583
   34.800000      0.008410
   34.820000      0.006058
   34.840000      0.005334
   34.860000      0.006873
   34.880000      0.011033
   34.900000      0.017831
   34.920000      0.026919
   34.940000      0.037616
   34.960000      0.048987
   34.980000      0.059956
   35.000000      0.069449
   35.020000      0.076523
   35.040000      0.080497
   35.060000      0.081033
   35.080000      0.078175
   35.100000      0.072344
   35.120000      0.064271
   35.140000      0.054896
   35.160000      0.045241
   35.180000      0.036273
   35.200000      0.028786
   35.220000      0.023294
   35.240000      0.019987
   35.260000      0.018721
   35.280000      0.019055
   35.300000      0.020340
   35.320000      0.021814
   35.340000      0.022730
   35.360000      0.022465
   35.380000      0.020607
   35.400000      0.017012
   35.420000      0.011820
   35.440000      0.005424
   35.460000     -0.001594
   35.480000     -0.008550
   35.500000     -0.014755
   35.520000     -0.019622
   35.540000     -0.022737
   35.560000     -0.023917
   35.580000     -0.023226
   35.600000     -0.020958
   35.620000     -0.017591
   35.640000     -0.013718
   35.660000     -0.009961
   35.680000     -0.006897
   35.700000     -0.004983
   35.720000     -0.004510
   35.740000     -0.005579
   35.760000     -0.008106
   35.780000     -0.011845
   35.800000     -0.016433
   35.820000     -0.021443
   35.840000     -0.026439
   35.860000     -0.031018
   35.880000     -0.034851
   35.900000     -0.037695
   35.920000     -0.039403
   35.940000     -0.039916
   35.960000     -0.039243
   35.980000     -0.037448
   36.000000     -0.034630
   36.020000     -0.030916
   36.040000     -0.026453
   36.060000     -0.021412
   36.080000     -0.015993
   36.100000     -0.010431
   36.120000     -0.004992
   36.140000      0.000031
   36.160000      0.004338
   36.180000      0.007647
   36.200000      0.009729
   36.220000      0.010445
   36.240000      0.009770
   36.260000      0.007821
   36.280000      0.004852
   36.300000      0.001243
   36.320000     -0.002535
   36.340000     -0.005975
   36.360000     -0.008598
   36.380000     -0.010010
   36.400000     -0.009964
   36.420000     -0.008398
   36.440000     -0.005452
   36.460000     -0.001454
   36.480000      0.003120
   36.500000      0.007707
   36.520000      0.011738
   36.540000      0.014717
   36.560000      0.016300
   36.580000      0.016343
   36.600000      0.014934
   36.620000      0.012380
   36.640000      0.009169
   36.660000      0.005895
   36.680000      0.003175
   36.700000      0.001548
   36.720000      0.001390
   36.740000      0.002846
   36.760000      0.005800
   36.780000      0.009878
   36.800000      0.014493
   36.820000      0.018922
   36.840000      0.022408
   36.860000      0.024272
   36.880000      0.024013
   36.900000      0.021390
   36.920000      0.016470
   36.940000      0.009629
   36.960000      0.001513
   36.980000     -0.007041
   37.000000     -0.015114
   37.020000     -0.021827
   37.040000     -0.026455
   37.060000     -0.028532
   37.080000     -0.027907
   37.100000     -0.024768
   37.120000     -0.019615
   37.140000     -0.013186
   37.160000     -0.006362
   37.180000     -0.000038
   37.200000      0.004997
   37.220000      0.008162
   37.240000      0.009169
   37.260000      0.008049
   37.280000      0.005145
   37.300000      0.001058
   37.320000     -0.003449
   37.340000     -0.007557
   37.360000     -0.010513
   37.380000     -0.011734
   37.400000     -0.010892
   37.420000     -0.007951
   37.440000     -0.003173
   37.460000      0.002927
   37.480000      0.009655
   37.500000      0.016240
   37.520000      0.021946
   37.540000      0.026170
   37.560000      0.028525
   37.580000      0.028890
   37.600000      0.027419
   37.620000      0.024515
   37.640000      0.020769
   37.660000      0.016868
   37.680000      0.013507
   37.700000      0.011289
   37.720000      0.010646
   37.740000      0.011790
   37.760000      0.014688
   37.780000      0.019079
   37.800000      0.024515
   37.820000      0.030429
   37.840000      0.036212
   37.860000      0.041292
   37.880000      0.045204
   37.900000      0.047643
   37.920000      0.048487
   37.940000      0.047802
   37.960000      0.045809
   37.980000      0.042852
   38.000000      0.039337
   38.020000      0.035677
   38.040000      0.032242
   38.060000      0.029315
   38.080000      0.027073
   38.100000      0.025581
   38.120000      0.024795
   38.140000      0.024595
   38.160000      0.024806
   38.180000      0.025234
   38.200000      0.025691
   38.220000      0.026020
   38.240000      0.026103
   38.260000      0.025870
   38.280000      0.025288
   38.300000      0.024360
   38.320000      0.023105
   38.340000      0.021555
   38.360000      0.019745
   38.380000      0.017717
   38.400000      0.015511
   38.420000      0.013178
   38.440000      0.010780
   38.460000      0.008390
   38.480000      0.006093
   38.500000      0.003974
   38.520000      0.002111
   38.540000      0.000553
   38.560000     -0.000684
   38.580000     -0.001638
   38.600000     -0.002399
   38.620000     -0.003104
   38.640000     -0.003927
   38.660000     -0.005055
   38.680000     -0.006653
   38.700000     -0.008843
   38.720000     -0.011669
   38.740000     -0.015084
   38.760000     -0.018940
   38.780000     -0.023000
   38.800000     -0.026963
   38.820000     -0.030497
   38.840000     -0.033285
   38.860000     -0.035070
   38.880000     -0.035697
   38.900000     -0.035133
   38.920000     -0.033479
   38.940000     -0.030961
   38.960000     -0.027891
   38.980000     -0.024625
   39.000000     -0.021505
   39.020000     -0.018801
   39.040000     -0.016670
   39.060000     -0.015119
   39.080000     -0.014006
   39.100000     -0.013057
   39.120000     -0.011912
   39.140000     -0.010193
   39.160000     -0.007568
   39.180000     -0.003834
   39.200000      0.001037
   39.220000      0.006852
   39.240000      0.013208
   39.260000      0.019522
   39.280000      0.025091
   39.300000      0.029194
   39.320000      0.031188
   39.340000      0.030613
   39.360000      0.027279
   39.380000      0.021321
   39.400000      0.013206
   39.420000      0.003708
   39.440000     -0.006172
   39.460000     -0.015322
   39.480000     -0.022652
   39.500000     -0.027230
   39.520000     -0.028419
   39.540000     -0.025957
   39.560000     -0.020012
   39.580000     -0.011172
   39.600000     -0.000385
   39.620000      0.011161
   39.640000      0.022174
   39.660000      0.031425
   39.680000      0.037902
   39.700000      0.040942
   39.720000      0.040312
   39.740000      0.036239
   39.760000      0.029376
   39.780000      0.020712
   39.800000      0.011440
   39.820000      0.002792
   39.840000     -0.004121
   39.860000     -0.008461
   39.880000     -0.009772
   39.900000     -0.008030
   39.920000     -0.003643
   39.940000      0.002612
   39.960000      0.009714
   39.980000      0.016534
   40.000000      0.022008
