    0.040000     -0.130092
    0.060000     -0.185102
    0.080000     -0.229264
    0.100000     -0.260822
    0.120000     -0.279390
    0.140000     -0.286010
    0.160000     -0.283088
    0.180000     -0.274178
    0.200000     -0.263648
    0.220000     -0.256255
    0.240000     -0.256648
    0.260000     -0.268865
    0.280000     -0.295864
    0.300000     -0.339110
    0.320000     -0.398290
    0.340000     -0.471151
    0.360000     -0.553512
    0.380000     -0.639425
    0.400000     -0.721500
    0.420000     -0.791356
    0.440000     -0.840181
    0.460000     -0.859348
    0.480000     -0.841039
    0.500000     -0.778855
    0.520000     -0.668318
    0.540000     -0.507281
    0.560000     -0.296168
    0.580000     -0.038060
    0.600000      0.261408
    0.620000      0.594311
    0.640000      0.950850
    0.660000      1.319886
    0.680000      1.689562
    0.700000      2.047954
    0.720000      2.383718
    0.740000      2.686690
    0.760000      2.948382
    0.780000      3.162374
    0.800000      3.324548
    0.820000      3.433176
    0.840000      3.488858
    0.860000      3.494322
    0.880000      3.454098
    0.900000      3.374117
    0.920000      3.261247
    0.940000      3.122819
    0.960000      2.966155
    0.980000      2.798162
    1.000000      2.624983
    1.020000      2.451744
    1.040000      2.282401
    1.060000      2.119685
    1.080000      1.965142
    1.100000      1.819250
    1.120000      1.681604
    1.140000      1.551130
    1.160000      1.426322
    1.180000      1.305481
    1.200000      1.186916
    1.220000      1.069128
    1.240000      0.950918
    1.260000      0.831482
    1.280000      0.710420
    1.300000      0.587723
    1.320000      0.463717
    1.340000      0.338988
    1.360000      0.214285
    1.380000      0.090436
    1.400000     -0.031734
    1.420000     -0.151469
    1.440000     -0.268116
    1.460000     -0.381152
    1.480000     -0.490172
    1.500000     -0.594877
    1.520000     -0.695035
    1.540000     -0.790458
    1.560000     -0.880958
    1.580000     -0.966335
    1.600000     -1.046368
    1.620000     -1.120810
    1.640000     -1.189420
    1.660000     -1.251990
    1.680000     -1.308378
    1.700000     -1.358558
    1.720000     -1.402646
    1.740000     -1.440926
    1.760000     -1.473863
    1.780000     -1.502081
    1.800000     -1.526344
    1.820000     -1.547497
    1.840000     -1.566412
    1.860000     -1.583907
    1.880000     -1.600678
    1.900000     -1.617234
    1.920000     -1.633833
    1.940000     -1.650457
    1.960000     -1.666795
    1.980000     -1.682257
    2.000000     -1.696012
    2.020000     -1.707054
    2.040000     -1.714269
    2.060000     -1.716526
    2.080000     -1.712753
    2.100000     -1.702022
    2.120000     -1.683590
    2.140000     -1.656953
    2.160000     -1.621835
    2.180000     -1.578183
    2.200000     -1.526108
    2.220000     -1.465837
    2.240000     -1.397623
    2.260000     -1.321678
    2.280000     -1.238097
    2.300000     -1.146818
    2.320000     -1.047593
    2.340000     -0.940001
    2.360000     -0.823501
    2.380000     -0.697508
    2.400000     -0.561512
    2.420000     -0.415206
    2.440000     -0.258630
    2.460000     -0.092300
    2.480000      0.082677
    2.500000      0.264531
    2.520000      0.450798
    2.540000      0.638358
    2.560000      0.823524
    2.580000      1.002195
    2.600000      1.170064
    2.620000      1.322861
    2.640000      1.456625
    2.660000      1.567970
    2.680000      1.654338
    2.700000      1.714201
    2.720000      1.747206
    2.740000      1.754244
    2.760000      1.737418
    2.780000      1.699934
    2.800000      1.645890
    2.820000      1.580003
    2.840000      1.507268
    2.860000      1.432597
    2.880000      1.360442
    2.900000      1.294465
    2.920000      1.237245
    2.940000      1.190078
    2.960000      1.152889
    2.980000      1.124239
    3.000000      1.101471
    3.020000      1.080941
    3.040000      1.058370
    3.060000      1.029234
    3.080000      0.989201
    3.100000      0.934549
    3.120000      0.862558
    3.140000      0.771798
    3.160000      0.662328
    3.180000      0.535758
    3.200000      0.395181
    3.220000      0.244968
    3.240000      0.090467
    3.260000     -0.062401
    3.280000     -0.207577
    3.300000     -0.339311
    3.320000     -0.452578
    3.340000     -0.543428
    3.360000     -0.609226
    3.380000     -0.648795
    3.400000     -0.662421
    3.420000     -0.651764
    3.440000     -0.619644
    3.460000     -0.569778
    3.480000     -0.506455
    3.500000     -0.434196
    3.520000     -0.357447
    3.540000     -0.280278
    3.560000     -0.206185
    3.580000     -0.137920
    3.600000     -0.077421
    3.620000     -0.025812
    3.640000      0.016541
    3.660000      0.049924
    3.680000      0.075124
    3.700000      0.093271
    3.720000      0.105673
    3.740000      0.113661
    3.760000      0.118460
    3.780000      0.121099
    3.800000      0.122338
    3.820000      0.122652
    3.840000      0.122238
    3.860000      0.121057
    3.880000      0.118895
    3.900000      0.115433
    3.920000      0.110340
    3.940000      0.103339
    3.960000      0.094273
    3.980000      0.083154
    4.000000      0.070184
    4.020000      0.055756
    4.040000      0.040430
    4.060000      0.024883
    4.080000      0.009857
    4.100000     -0.003907
    4.120000     -0.015752
    4.140000     -0.025150
    4.160000     -0.031772
    4.180000     -0.035499
    4.200000     -0.036457
    4.220000     -0.034983
    4.240000     -0.031606
    4.260000     -0.026988
    4.280000     -0.021860
    4.300000     -0.016947
    4.320000     -0.012892
    4.340000     -0.010196
    4.360000     -0.009157
    4.380000     -0.009838
    4.400000     -0.012056
    4.420000     -0.015394
    4.440000     -0.019229
    4.460000     -0.022792
    4.480000     -0.025232
    4.500000     -0.025694
    4.520000     -0.023396
    4.540000     -0.017701
    4.560000     -0.008178
    4.580000      0.005363
    4.600000      0.022842
    4.620000      0.043918
    4.640000      0.068012
    4.660000      0.094356
    4.680000      0.122050
    4.700000      0.150136
    4.720000      0.177672
    4.740000      0.203807
    4.760000      0.227834
    4.780000      0.249245
    4.800000      0.267755
    4.820000      0.283308
    4.840000      0.296069
    4.860000      0.306384
    4.880000      0.314740
    4.900000      0.321706
    4.920000      0.327869
    4.940000      0.333775
    4.960000      0.339882
    4.980000      0.346507
    5.000000      0.353815
    5.020000      0.361798
    5.040000      0.370291
    5.060000      0.378994
    5.080000      0.387506
    5.100000      0.395378
    5.120000      0.402150
    5.140000      0.407406
    5.160000      0.410812
    5.180000      0.412140
    5.200000      0.411298
    5.220000      0.408318
    5.240000      0.403354
    5.260000      0.396652
    5.280000      0.388522
    5.300000      0.379296
    5.320000      0.369287
    5.340000      0.358756
    5.360000      0.347876
    5.380000      0.336720
    5.400000      0.325247
    5.420000      0.313315
    5.440000      0.300694
    5.460000      0.287099
    5.480000      0.272225
    5.500000      0.255785
    5.520000      0.237551
    5.540000      0.217388
    5.560000      0.195277
    5.580000      0.171331
    5.600000      0.145792
    5.620000      0.119020
    5.640000      0.091470
    5.660000      0.063654
    5.680000      0.036100
    5.700000      0.009306
    5.720000     -0.016296
    5.740000     -0.040384
    5.760000     -0.062770
    5.780000     -0.083412
    5.800000     -0.102421
    5.820000     -0.120043
    5.840000     -0.136636
    5.860000     -0.152628
    5.880000     -0.168488
    5.900000     -0.184668
    5.920000     -0.201562
    5.940000     -0.219472
    5.960000     -0.238574
    5.980000     -0.258906
    6.000000     -0.280355
    6.020000     -0.302678
    6.040000     -0.325517
    6.060000     -0.348431
    6.080000     -0.370939
    6.100000     -0.392561
    6.120000     -0.412854
    6.140000     -0.431460
    6.160000     -0.448120
    6.180000     -0.462700
    6.200000     -0.475194
    6.220000     -0.485714
    6.240000     -0.494473
    6.260000     -0.501755
    6.280000     -0.507880
    6.300000     -0.513169
    6.320000     -0.517907
    6.340000     -0.522306
    6.360000     -0.526494
    6.380000     -0.530491
    6.400000     -0.534212
    6.420000     -0.537479
    6.440000     -0.540036
    6.460000     -0.541585
    6.480000     -0.541816
    6.500000     -0.540442
    6.520000     -0.537234
    6.540000     -0.532052
    6.560000     -0.524860
    6.580000     -0.515737
    6.600000     -0.504878
    6.620000     -0.492577
    6.640000     -0.479203
    6.660000     -0.465168
    6.680000     -0.450894
    6.700000     -0.436770
    6.720000     -0.423120
    6.740000     -0.410171
    6.760000     -0.398032
    6.780000     -0.386683
    6.800000     -0.375983
    6.820000     -0.365671
    6.840000     -0.355405
    6.860000     -0.344782
    6.880000     -0.333384
    6.900000     -0.320815
    6.920000     -0.306742
    6.940000     -0.290921
    6.960000     -0.273232
    6.980000     -0.253686
    7.000000     -0.232426
    7.020000     -0.209723
    7.040000     -0.185950
    7.060000     -0.161556
    7.080000     -0.137024
    7.100000     -0.112838
    7.120000     -0.089440
    7.140000     -0.067194
    7.160000     -0.046362
    7.180000     -0.027082
    7.200000     -0.009361
    7.220000      0.006917
    7.240000      0.021985
    7.260000      0.036163
    7.280000      0.049826
    7.300000      0.063374
    7.320000      0.077189
    7.340000      0.091607
    7.360000      0.106885
    7.380000      0.123181
    7.400000      0.140539
    7.420000      0.158891
    7.440000      0.178052
    7.460000      0.197753
    7.480000      0.217644
    7.500000      0.237337
    7.520000      0.256424
    7.540000      0.274513
    7.560000      0.291253
    7.580000      0.306352
    7.600000      0.319596
    7.620000      0.330859
    7.640000      0.340099
    7.660000      0.347356
    7.680000      0.352741
    7.700000      0.356420
    7.720000      0.358596
    7.740000      0.359491
    7.760000      0.359333
    7.780000      0.358333
    7.800000      0.356683
    7.820000      0.354545
    7.840000      0.352048
    7.860000      0.349286
    7.880000      0.346331
    7.900000      0.343225
    7.920000      0.339997
    7.940000      0.336666
    7.960000      0.333240
    7.980000      0.329728
    8.000000      0.326130
    8.020000      0.322450
    8.040000      0.318676
    8.060000      0.314790
    8.080000      0.310760
    8.100000      0.306534
    8.120000      0.302040
    8.140000      0.297188
    8.160000      0.291877
    8.180000      0.285991
    8.200000      0.279418
    8.220000      0.272048
    8.240000      0.263800
    8.260000      0.254610
    8.280000      0.244460
    8.300000      0.233370
    8.320000      0.221402
    8.340000      0.208666
    8.360000      0.195301
    8.380000      0.181481
    8.400000      0.167389
    8.420000      0.153214
    8.440000      0.139129
    8.460000      0.125285
    8.480000      0.111794
    8.500000      0.098730
    8.520000      0.086117
    8.540000      0.073939
    8.560000      0.062144
    8.580000      0.050656
    8.600000      0.039384
    8.620000      0.028244
    8.640000      0.017172
    8.660000      0.006132
    8.680000     -0.004867
    8.700000     -0.015772
    8.720000     -0.026480
    8.740000     -0.036853
    8.760000     -0.046721
    8.780000     -0.055900
    8.800000     -0.064214
    8.820000     -0.071514
    8.840000     -0.077694
    8.860000     -0.082711
    8.880000     -0.086591
    8.900000     -0.089441
    8.920000     -0.091441
    8.940000     -0.092838
    8.960000     -0.093926
    8.980000     -0.095027
    9.000000     -0.096463
    9.020000     -0.098528
    9.040000     -0.101462
    9.060000     -0.105426
    9.080000     -0.110483
    9.100000     -0.116587
    9.120000     -0.123588
    9.140000     -0.131230
    9.160000     -0.139171
    9.180000     -0.147013
    9.200000     -0.154324
    9.220000     -0.160676
    9.240000     -0.165683
    9.260000     -0.169024
    9.280000     -0.170479
    9.300000     -0.169945
    9.320000     -0.167444
    9.340000     -0.163126
    9.360000     -0.157253
    9.380000     -0.150187
    9.400000     -0.142355
    9.420000     -0.134214
    9.440000     -0.126221
    9.460000     -0.118793
    9.480000     -0.112274
    9.500000     -0.106910
    9.520000     -0.102834
    9.540000     -0.100052
    9.560000     -0.098456
    9.580000     -0.097829
    9.600000     -0.097870
    9.620000     -0.098220
    9.640000     -0.098504
    9.660000     -0.098356
    9.680000     -0.097453
    9.700000     -0.095545
    9.720000     -0.092477
    9.740000     -0.088195
    9.760000     -0.082751
    9.780000     -0.076298
    9.800000     -0.069071
    9.820000     -0.061362
    9.840000     -0.053495
    9.860000     -0.045798
    9.880000     -0.038567
    9.900000     -0.032047
    9.920000     -0.026412
    9.940000     -0.021746
    9.960000     -0.018049
    9.980000     -0.015235
   10.000000     -0.013150
   10.020000     -0.011585
   10.040000     -0.010306
   10.060000     -0.009077
   10.080000     -0.007688
   10.100000     -0.005975
   10.120000     -0.003834
   10.140000     -0.001237
   10.160000      0.001769
   10.180000      0.005068
   10.200000      0.008484
   10.220000      0.011806
   10.240000      0.014808
   10.260000      0.017270
   10.280000      0.019010
   10.300000      0.019892
   10.320000      0.019858
   10.340000      0.018917
   10.360000      0.017164
   10.380000      0.014761
   10.400000      0.011929
   10.420000      0.008926
   10.440000      0.006019
   10.460000      0.003470
   10.480000      0.001501
   10.500000      0.000276
   10.520000     -0.000115
   10.540000      0.000338
   10.560000      0.001559
   10.580000      0.003396
   10.600000      0.005633
   10.620000      0.008012
   10.640000      0.010256
   10.660000      0.012096
   10.680000      0.013295
   10.700000      0.013673
   10.720000      0.013123
   10.740000      0.011623
   10.760000      0.009240
   10.780000      0.006120
   10.800000      0.002479
   10.820000     -0.001414
   10.840000     -0.005264
   10.860000     -0.008779
   10.880000     -0.011694
   10.900000     -0.013789
   10.920000     -0.014924
   10.940000     -0.015036
   10.960000     -0.014155
   10.980000     -0.012400
   11.000000     -0.009964
   11.020000     -0.007100
   11.040000     -0.004105
   11.060000     -0.001280
   11.080000      0.001084
   11.100000      0.002740
   11.120000      0.003503
   11.140000      0.003264
   11.160000      0.002008
   11.180000     -0.000198
   11.200000     -0.003197
   11.220000     -0.006764
   11.240000     -0.010626
   11.260000     -0.014478
   11.280000     -0.018019
   11.300000     -0.020969
   11.320000     -0.023094
   11.340000     -0.024227
   11.360000     -0.024278
   11.380000     -0.023243
   11.400000     -0.021196
   11.420000     -0.018289
   11.440000     -0.014731
   11.460000     -0.010771
   11.480000     -0.006678
   11.500000     -0.002714
   11.520000      0.000883
   11.540000      0.003925
   11.560000      0.006278
   11.580000      0.007880
   11.600000      0.008738
   11.620000      0.008929
   11.640000      0.008584
   11.660000      0.007879
   11.680000      0.007021
   11.700000      0.006220
   11.720000      0.005677
   11.740000      0.005569
   11.760000      0.006029
   11.780000      0.007138
   11.800000      0.008924
   11.820000      0.011362
   11.840000      0.014369
   11.860000      0.017828
   11.880000      0.021589
   11.900000      0.025486
   11.920000      0.029351
   11.940000      0.033028
   11.960000      0.036382
   11.980000      0.039312
   12.000000      0.041749
   12.020000      0.043666
   12.040000      0.045066
   12.060000      0.045985
   12.080000      0.046482
   12.100000      0.046627
   12.120000      0.046499
   12.140000      0.046168
   12.160000      0.045698
   12.180000      0.045138
   12.200000      0.044516
   12.220000      0.043847
   12.240000      0.043128
   12.260000      0.042347
   12.280000      0.041490
   12.300000      0.040541
   12.320000      0.039494
   12.340000      0.038357
   12.360000      0.037150
   12.380000      0.035910
   12.400000      0.034692
   12.420000      0.033559
   12.440000      0.032584
   12.460000      0.031835
   12.480000      0.031372
   12.500000      0.031240
   12.520000      0.031463
   12.540000      0.032035
   12.560000      0.032923
   12.580000      0.034062
   12.600000      0.035360
   12.620000      0.036704
   12.640000      0.037968
   12.660000      0.039016
   12.680000      0.039719
   12.700000      0.039962
   12.720000      0.039653
   12.740000      0.038728
   12.760000      0.037159
   12.780000      0.034957
   12.800000      0.032171
   12.820000      0.028877
   12.840000      0.025188
   12.860000      0.021229
   12.880000      0.017143
   12.900000      0.013068
   12.920000      0.009137
   12.940000      0.005467
   12.960000      0.002150
   12.980000     -0.000748
   13.000000     -0.003192
   13.020000     -0.005174
   13.040000     -0.006714
   13.060000     -0.007852
   13.080000     -0.008639
   13.100000     -0.009138
   13.120000     -0.009409
   13.140000     -0.009505
   13.160000     -0.009467
   13.180000     -0.009317
   13.200000     -0.009064
   13.220000     -0.008696
   13.240000     -0.008191
   13.260000     -0.007512
   13.280000     -0.006624
   13.300000     -0.005492
   13.320000     -0.004097
   13.340000     -0.002430
   13.360000     -0.000510
   13.380000      0.001620
   13.400000      0.003889
   13.420000      0.006199
   13.440000      0.008434
   13.460000      0.010453
   13.480000      0.012114
   13.500000      0.013271
   13.520000      0.013789
   13.540000      0.013554
   13.560000      0.012480
   13.580000      0.010517
   13.600000      0.007658
   13.620000      0.003942
   13.640000     -0.000547
   13.660000     -0.005682
   13.680000     -0.011299
   13.700000     -0.017203
   13.720000     -0.023182
   13.740000     -0.029012
   13.760000     -0.034476
   13.780000     -0.039371
   13.800000     -0.043522
   13.820000     -0.046789
   13.840000     -0.049078
   13.860000     -0.050338
   13.880000     -0.050573
   13.900000     -0.049835
   13.920000     -0.048218
   13.940000     -0.045857
   13.960000     -0.042912
   13.980000     -0.039564
   14.000000     -0.035999
   14.020000     -0.032399
   14.040000     -0.028932
   14.060000     -0.025740
   14.080000     -0.022932
   14.100000     -0.020582
   14.120000     -0.018724
   14.140000     -0.017348
   14.160000     -0.016418
   14.180000     -0.015860
   14.200000     -0.015580
   14.220000     -0.015468
   14.240000     -0.015414
   14.260000     -0.015308
   14.280000     -0.015059
   14.300000     -0.014591
   14.320000     -0.013858
   14.340000     -0.012842
   14.360000     -0.011557
   14.380000     -0.010038
   14.400000     -0.008350
   14.420000     -0.006571
   14.440000     -0.004788
   14.460000     -0.003092
   14.480000     -0.001564
   14.500000     -0.000269
   14.520000      0.000745
   14.540000      0.001459
   14.560000      0.001880
   14.580000      0.002044
   14.600000      0.002006
   14.620000      0.001848
   14.640000      0.001657
   14.660000      0.001530
   14.680000      0.001556
   14.700000      0.001814
   14.720000      0.002360
   14.740000      0.003229
   14.760000      0.004421
   14.780000      0.005910
   14.800000      0.007638
   14.820000      0.009523
   14.840000      0.011464
   14.860000      0.013345
   14.880000      0.015053
   14.900000      0.016478
   14.920000      0.017528
   14.940000      0.018132
   14.960000      0.018252
   14.980000      0.017879
   15.000000      0.017041
   15.020000      0.015798
   15.040000      0.014237
   15.060000      0.012467
   15.080000      0.010609
   15.100000      0.008790
   15.120000      0.007132
   15.140000      0.005741
   15.160000      0.004703
   15.180000      0.004076
   15.200000      0.003888
   15.220000      0.004136
   15.240000      0.004786
   15.260000      0.005777
   15.280000      0.007032
   15.300000      0.008456
   15.320000      0.009956
   15.340000      0.011435
   15.360000      0.012810
   15.380000      0.014011
   15.400000      0.014990
   15.420000      0.015719
   15.440000      0.016190
   15.460000      0.016415
   15.480000      0.016421
   15.500000      0.016241
   15.520000      0.015914
   15.540000      0.015478
   15.560000      0.014960
   15.580000      0.014380
   15.600000      0.013741
   15.620000      0.013037
   15.640000      0.012246
   15.660000      0.011342
   15.680000      0.010294
   15.700000      0.009074
   15.720000      0.007662
   15.740000      0.006055
   15.760000      0.004266
   15.780000      0.002334
   15.800000      0.000319
   15.820000     -0.001696
   15.840000     -0.003611
   15.860000     -0.005310
   15.880000     -0.006676
   15.900000     -0.007590
   15.920000     -0.007950
   15.940000     -0.007674
   15.960000     -0.006704
   15.980000     -0.005024
   16.000000     -0.002652
   16.020000      0.000354
   16.040000      0.003899
   16.060000      0.007855
   16.080000      0.012066
   16.100000      0.016361
   16.120000      0.020562
   16.140000      0.024493
   16.160000      0.027994
   16.180000      0.030924
   16.200000      0.033176
   16.220000      0.034675
   16.240000      0.035384
   16.260000      0.035306
   16.280000      0.034476
   16.300000      0.032957
   16.320000      0.030839
   16.340000      0.028224
   16.360000      0.025226
   16.380000      0.021956
   16.400000      0.018522
   16.420000      0.015018
   16.440000      0.011525
   16.460000      0.008108
   16.480000      0.004822
   16.500000      0.001700
   16.520000     -0.001225
   16.540000     -0.003931
   16.560000     -0.006398
   16.580000     -0.008602
   16.600000     -0.010513
   16.620000     -0.012100
   16.640000     -0.013322
   16.660000     -0.014138
   16.680000     -0.014507
   16.700000     -0.014390
   16.720000     -0.013762
   16.740000     -0.012611
   16.760000     -0.010944
   16.780000     -0.008796
   16.800000     -0.006226
   16.820000     -0.003317
   16.840000     -0.000182
   16.860000      0.003050
   16.880000      0.006235
   16.900000      0.009223
   16.920000      0.011867
   16.940000      0.014029
   16.960000      0.015596
   16.980000      0.016483
   17.000000      0.016637
   17.020000      0.016045
   17.040000      0.014737
   17.060000      0.012779
   17.080000      0.010272
   17.100000      0.007344
   17.120000      0.004145
   17.140000      0.000830
   17.160000     -0.002442
   17.180000     -0.005526
   17.200000     -0.008299
   17.220000     -0.010663
   17.240000     -0.012554
   17.260000     -0.013945
   17.280000     -0.014839
   17.300000     -0.015278
   17.320000     -0.015328
   17.340000     -0.015071
   17.360000     -0.014604
   17.380000     -0.014024
   17.400000     -0.013420
   17.420000     -0.012864
   17.440000     -0.012407
   17.460000     -0.012072
   17.480000     -0.011852
   17.500000     -0.011713
   17.520000     -0.011598
   17.540000     -0.011426
   17.560000     -0.011108
   17.580000     -0.010554
   17.600000     -0.009676
   17.620000     -0.008405
   17.640000     -0.006697
   17.660000     -0.004540
   17.680000     -0.001954
   17.700000      0.001000
   17.720000      0.004220
   17.740000      0.007579
   17.760000      0.010915
   17.780000      0.014051
   17.800000      0.016796
   17.820000      0.018970
   17.840000      0.020399
   17.860000      0.020940
   17.880000      0.020484
   17.900000      0.018968
   17.920000      0.016381
   17.940000      0.012763
   17.960000      0.008212
   17.980000      0.002874
   18.000000     -0.003056
   18.020000     -0.009348
   18.040000     -0.015745
   18.060000     -0.021978
   18.080000     -0.027779
   18.100000     -0.032893
   18.120000     -0.037097
   18.140000     -0.040206
   18.160000     -0.042085
   18.180000     -0.042661
   18.200000     -0.041923
   18.220000     -0.039922
   18.240000     -0.036770
   18.260000     -0.032641
   18.280000     -0.027748
   18.300000     -0.022342
   18.320000     -0.016696
   18.340000     -0.011089
   18.360000     -0.005790
   18.380000     -0.001044
   18.400000      0.002940
   18.420000      0.006004
   18.440000      0.008045
   18.460000      0.009028
   18.480000      0.008976
   18.500000      0.007978
   18.520000      0.006175
   18.540000      0.003760
   18.560000      0.000953
   18.580000     -0.002003
   18.600000     -0.004859
   18.620000     -0.007380
   18.640000     -0.009360
   18.660000     -0.010628
   18.680000     -0.011068
   18.700000     -0.010619
   18.720000     -0.009283
   18.740000     -0.007123
   18.760000     -0.004259
   18.780000     -0.000858
   18.800000      0.002873
   18.820000      0.006703
   18.840000      0.010396
   18.860000      0.013716
   18.880000      0.016456
   18.900000      0.018442
   18.920000      0.019546
   18.940000      0.019697
   18.960000      0.018887
   18.980000      0.017164
   19.000000      0.014636
   19.020000      0.011464
   19.040000      0.007848
   19.060000      0.004016
   19.080000      0.000214
   19.100000     -0.003318
   19.120000     -0.006352
   19.140000     -0.008688
   19.160000     -0.010170
   19.180000     -0.010688
   19.200000     -0.010192
   19.220000     -0.008686
   19.240000     -0.006229
   19.260000     -0.002940
   19.280000      0.001022
   19.300000      0.005465
   19.320000      0.010168
   19.340000      0.014898
   19.360000      0.019430
   19.380000      0.023546
   19.400000      0.027055
   19.420000      0.029801
   19.440000      0.031667
   19.460000      0.032581
   19.480000      0.032524
   19.500000      0.031517
   19.520000      0.029633
   19.540000      0.026977
   19.560000      0.023694
   19.580000      0.019950
   19.600000      0.015929
   19.620000      0.011820
   19.640000      0.007813
   19.660000      0.004084
   19.680000      0.000792
   19.700000     -0.001927
   19.720000     -0.003973
   19.740000     -0.005276
   19.760000     -0.005807
   19.780000     -0.005570
   19.800000     -0.004613
   19.820000     -0.003013
   19.840000     -0.000884
   19.860000      0.001637
   19.880000      0.004390
   19.900000      0.007201
   19.920000      0.009894
   19.940000      0.012289
   19.960000      0.014220
   19.980000      0.015536
   20.000000      0.016115
   20.020000      0.015864
   20.040000      0.014728
   20.060000      0.012694
   20.080000      0.009791
   20.100000      0.006094
   20.120000      0.001717
   20.140000     -0.003187
   20.160000     -0.008435
   20.180000     -0.013819
   20.200000     -0.019121
   20.220000     -0.024112
   20.240000     -0.028577
   20.260000     -0.032315
   20.280000     -0.035156
   20.300000     -0.036970
   20.320000     -0.037664
   20.340000     -0.037205
   20.360000     -0.035606
   20.380000     -0.032938
   20.400000     -0.029317
   20.420000     -0.024908
   20.440000     -0.019910
   20.460000     -0.014545
   20.480000     -0.009054
   20.500000     -0.003676
   20.520000      0.001362
   20.540000      0.005851
   20.560000      0.009622
   20.580000      0.012541
   20.600000      0.014532
   20.620000      0.015560
   20.640000      0.015650
   20.660000      0.014872
   20.680000      0.013336
   20.700000      0.011192
   20.720000      0.008610
   20.740000      0.005773
   20.760000      0.002868
   20.780000      0.000064
   20.800000     -0.002488
   20.820000     -0.004666
   20.840000     -0.006392
   20.860000     -0.007626
   20.880000     -0.008371
   20.900000     -0.008674
   20.920000     -0.008614
   20.940000     -0.008302
   20.960000     -0.007866
   20.980000     -0.007448
   21.000000     -0.007183
   21.020000     -0.007196
   21.040000     -0.007590
   21.060000     -0.008436
   21.080000     -0.009768
   21.100000     -0.011584
   21.120000     -0.013837
   21.140000     -0.016447
   21.160000     -0.019297
   21.180000     -0.022249
   21.200000     -0.025145
   21.220000     -0.027821
   21.240000     -0.030119
   21.260000     -0.031894
   21.280000     -0.033023
   21.300000     -0.033414
   21.320000     -0.033011
   21.340000     -0.031796
   21.360000     -0.029790
   21.380000     -0.027049
   21.400000     -0.023664
   21.420000     -0.019748
   21.440000     -0.015439
   21.460000     -0.010878
   21.480000     -0.006215
   21.500000     -0.001591
   21.520000      0.002863
   21.540000      0.007033
   21.560000      0.010825
   21.580000      0.014170
   21.600000      0.017016
   21.620000      0.019337
   21.640000      0.021125
   21.660000      0.022384
   21.680000      0.023130
   21.700000      0.023390
   21.720000      0.023192
   21.740000      0.022567
   21.760000      0.021547
   21.780000      0.020162
   21.800000      0.018445
   21.820000      0.016429
   21.840000      0.014149
   21.860000      0.011648
   21.880000      0.008974
   21.900000      0.006181
   21.920000      0.003332
   21.940000      0.000499
   21.960000     -0.002245
   21.980000     -0.004824
   22.000000     -0.007164
   22.020000     -0.009199
   22.040000     -0.010873
   22.060000     -0.012148
   22.080000     -0.013002
   22.100000     -0.013438
   22.120000     -0.013477
   22.140000     -0.013169
   22.160000     -0.012572
   22.180000     -0.011766
   22.200000     -0.010835
   22.220000     -0.009862
   22.240000     -0.008928
   22.260000     -0.008095
   22.280000     -0.007411
   22.300000     -0.006896
   22.320000     -0.006544
   22.340000     -0.006322
   22.360000     -0.006172
   22.380000     -0.006016
   22.400000     -0.005762
   22.420000     -0.005317
   22.440000     -0.004588
   22.460000     -0.003496
   22.480000     -0.001986
   22.500000     -0.000034
   22.520000      0.002354
   22.540000      0.005131
   22.560000      0.008215
   22.580000      0.011495
   22.600000      0.014830
   22.620000      0.018067
   22.640000      0.021049
   22.660000      0.023623
   22.680000      0.025658
   22.700000      0.027052
   22.720000      0.027738
   22.740000      0.027695
   22.760000      0.026947
   22.780000      0.025565
   22.800000      0.023653
   22.820000      0.021355
   22.840000      0.018828
   22.860000      0.016241
   22.880000      0.013754
   22.900000      0.011515
   22.920000      0.009635
   22.940000      0.008192
   22.960000      0.007216
   22.980000      0.006694
   23.000000      0.006564
   23.020000      0.006731
   23.040000      0.007066
   23.060000      0.007422
   23.080000      0.007649
   23.100000      0.007603
   23.120000      0.007163
   23.140000      0.006239
   23.160000      0.004782
   23.180000      0.002790
   23.200000      0.000306
   23.220000     -0.002579
   23.240000     -0.005738
   23.260000     -0.009016
   23.280000     -0.012236
   23.300000     -0.015223
   23.320000     -0.017807
   23.340000     -0.019838
   23.360000     -0.021203
   23.380000     -0.021824
   23.400000     -0.021672
   23.420000     -0.020761
   23.440000     -0.019153
   23.460000     -0.016946
   23.480000     -0.014272
   23.500000     -0.011281
   23.520000     -0.008140
   23.540000     -0.005010
   23.560000     -0.002047
   23.580000      0.000611
   23.600000      0.002855
   23.620000      0.004601
   23.640000      0.005796
   23.660000      0.006419
   23.680000      0.006472
   23.700000      0.005983
   23.720000      0.005000
   23.740000      0.003581
   23.760000      0.001793
   23.780000     -0.000293
   23.800000     -0.002603
   23.820000     -0.005064
   23.840000     -0.007608
   23.860000     -0.010164
   23.880000     -0.012661
   23.900000     -0.015029
   23.920000     -0.017197
   23.940000     -0.019092
   23.960000     -0.020640
   23.980000     -0.021772
   24.000000     -0.022426
   24.020000     -0.022547
   24.040000     -0.022103
   24.060000     -0.021079
   24.080000     -0.019492
   24.100000     -0.017384
   24.120000     -0.014836
   24.140000     -0.011952
   24.160000     -0.008870
   24.180000     -0.005749
   24.200000     -0.002760
   24.220000     -0.000074
   24.240000      0.002144
   24.260000      0.003754
   24.280000      0.004650
   24.300000      0.004770
   24.320000      0.004102
   24.340000      0.002692
   24.360000      0.000637
   24.380000     -0.001913
   24.400000     -0.004766
   24.420000     -0.007705
   24.440000     -0.010498
   24.460000     -0.012914
   24.480000     -0.014748
   24.500000     -0.015829
   24.520000     -0.016036
   24.540000     -0.015308
   24.560000     -0.013656
   24.580000     -0.011148
   24.600000     -0.007922
   24.620000     -0.004163
   24.640000     -0.000092
   24.660000      0.004044
   24.680000      0.008000
   24.700000      0.011549
   24.720000      0.014497
   24.740000      0.016698
   24.760000      0.018066
   24.780000      0.018578
   24.800000      0.018278
   24.820000      0.017263
   24.840000      0.015679
   24.860000      0.013706
   24.880000      0.011538
   24.900000      0.009366
   24.920000      0.007361
   24.940000      0.005658
   24.960000      0.004345
   24.980000      0.003457
   25.000000      0.002970
   25.020000      0.002812
   25.040000      0.002864
   25.060000      0.002980
   25.080000      0.002998
   25.100000      0.002761
   25.120000      0.002138
   25.140000      0.001031
   25.160000     -0.000607
   25.180000     -0.002764
   25.200000     -0.005366
   25.220000     -0.008284
   25.240000     -0.011340
   25.260000     -0.014320
   25.280000     -0.016996
   25.300000     -0.019139
   25.320000     -0.020545
   25.340000     -0.021052
   25.360000     -0.020552
   25.380000     -0.019012
   25.400000     -0.016465
   25.420000     -0.013026
   25.440000     -0.008872
   25.460000     -0.004237
   25.480000      0.000605
   25.500000      0.005364
   25.520000      0.009752
   25.540000      0.013512
   25.560000      0.016424
   25.580000      0.018338
   25.600000      0.019171
   25.620000      0.018922
   25.640000      0.017665
   25.660000      0.015547
   25.680000      0.012772
   25.700000      0.009584
   25.720000      0.006252
   25.740000      0.003042
   25.760000      0.000202
   25.780000     -0.002059
   25.800000     -0.003584
   25.820000     -0.004282
   25.840000     -0.004123
   25.860000     -0.003152
   25.880000     -0.001470
   25.900000      0.000772
   25.920000      0.003384
   25.940000      0.006161
   25.960000      0.008892
   25.980000      0.011382
   26.000000      0.013465
   26.020000      0.015012
   26.040000      0.015944
   26.060000      0.016228
   26.080000      0.015881
   26.100000      0.014960
   26.120000      0.013562
   26.140000      0.011804
   26.160000      0.009816
   26.180000      0.007730
   26.200000      0.005669
   26.220000      0.003738
   26.240000      0.002022
   26.260000      0.000577
   26.280000     -0.000562
   26.300000     -0.001387
   26.320000     -0.001906
   26.340000     -0.002137
   26.360000     -0.002110
   26.380000     -0.001850
   26.400000     -0.001381
   26.420000     -0.000720
   26.440000      0.000125
   26.460000      0.001150
   26.480000      0.002354
   26.500000      0.003736
   26.520000      0.005284
   26.540000      0.006977
   26.560000      0.008777
   26.580000      0.010627
   26.600000      0.012449
   26.620000      0.014146
   26.640000      0.015611
   26.660000      0.016726
   26.680000      0.017377
   26.700000      0.017464
   26.720000      0.016906
   26.740000      0.015653
   26.760000      0.013696
   26.780000      0.011068
   26.800000      0.007850
   26.820000      0.004164
   26.840000      0.000172
   26.860000     -0.003937
   26.880000     -0.007955
   26.900000     -0.011672
   26.920000     -0.014892
   26.940000     -0.017443
   26.960000     -0.019196
   26.980000     -0.020069
   27.000000     -0.020039
   27.020000     -0.019144
   27.040000     -0.017478
   27.060000     -0.015190
   27.080000     -0.012466
   27.100000     -0.009520
   27.120000     -0.006577
   27.140000     -0.003859
   27.160000     -0.001561
   27.180000      0.000158
   27.200000      0.001190
   27.220000      0.001487
   27.240000      0.001057
   27.260000     -0.000024
   27.280000     -0.001628
   27.300000     -0.003580
   27.320000     -0.005672
   27.340000     -0.007684
   27.360000     -0.009392
   27.380000     -0.010594
   27.400000     -0.011116
   27.420000     -0.010835
   27.440000     -0.009682
   27.460000     -0.007651
   27.480000     -0.004799
   27.500000     -0.001240
   27.520000      0.002858
   27.540000      0.007286
   27.560000      0.011807
   27.580000      0.016170
   27.600000      0.020126
   27.620000      0.023446
   27.640000      0.025928
   27.660000      0.027419
   27.680000      0.027808
   27.700000      0.027047
   27.720000      0.025144
   27.740000      0.022160
   27.760000      0.018214
   27.780000      0.013463
   27.800000      0.008102
   27.820000      0.002356
   27.840000     -0.003546
   27.860000     -0.009365
   27.880000     -0.014872
   27.900000     -0.019858
   27.920000     -0.024138
   27.940000     -0.027563
   27.960000     -0.030020
   27.980000     -0.031442
   28.000000     -0.031804
   28.020000     -0.031120
   28.040000     -0.029452
   28.060000     -0.026894
   28.080000     -0.023578
   28.100000     -0.019660
   28.120000     -0.015317
   28.140000     -0.010738
   28.160000     -0.006119
   28.180000     -0.001649
   28.200000      0.002491
   28.220000      0.006140
   28.240000      0.009166
   28.260000      0.011462
   28.280000      0.012964
   28.300000      0.013640
   28.320000      0.013504
   28.340000      0.012599
   28.360000      0.011012
   28.380000      0.008858
   28.400000      0.006274
   28.420000      0.003415
   28.440000      0.000448
   28.460000     -0.002464
   28.480000     -0.005160
   28.500000     -0.007502
   28.520000     -0.009367
   28.540000     -0.010666
   28.560000     -0.011333
   28.580000     -0.011340
   28.600000     -0.010691
   28.620000     -0.009419
   28.640000     -0.007583
   28.660000     -0.005267
   28.680000     -0.002573
   28.700000      0.000389
   28.720000      0.003499
   28.740000      0.006638
   28.760000      0.009691
   28.780000      0.012553
   28.800000      0.015127
   28.820000      0.017333
   28.840000      0.019103
   28.860000      0.020389
   28.880000      0.021158
   28.900000      0.021395
   28.920000      0.021097
   28.940000      0.020284
   28.960000      0.018985
   28.980000      0.017248
   29.000000      0.015134
   29.020000      0.012716
   29.040000      0.010081
   29.060000      0.007322
   29.080000      0.004541
   29.100000      0.001840
   29.120000     -0.000680
   29.140000     -0.002922
   29.160000     -0.004802
   29.180000     -0.006252
   29.200000     -0.007222
   29.220000     -0.007686
   29.240000     -0.007646
   29.260000     -0.007130
   29.280000     -0.006188
   29.300000     -0.004894
   29.320000     -0.003338
   29.340000     -0.001624
   29.360000      0.000144
   29.380000      0.001864
   29.400000      0.003444
   29.420000      0.004817
   29.440000      0.005933
   29.460000      0.006773
   29.480000      0.007346
   29.500000      0.007690
   29.520000      0.007861
   29.540000      0.007934
   29.560000      0.007994
   29.580000      0.008122
   29.600000      0.008384
   29.620000      0.008834
   29.640000      0.009492
   29.660000      0.010346
   29.680000      0.011354
   29.700000      0.012434
   29.720000      0.013482
   29.740000      0.014366
   29.760000      0.014953
   29.780000      0.015107
   29.800000      0.014708
   29.820000      0.013669
   29.840000      0.011938
   29.860000      0.009512
   29.880000      0.006445
   29.900000      0.002840
   29.920000     -0.001147
   29.940000     -0.005324
   29.960000     -0.009470
   29.980000     -0.013350
   30.000000     -0.016735
   30.020000     -0.019422
   30.040000     -0.021246
   30.060000     -0.022096
   30.080000     -0.021926
   30.100000     -0.020764
   30.120000     -0.018702
   30.140000     -0.015899
   30.160000     -0.012569
   30.180000     -0.008958
   30.200000     -0.005338
   30.220000     -0.001969
   30.240000      0.000902
   30.260000      0.003082
   30.280000      0.004429
   30.300000      0.004874
   30.320000      0.004427
   30.340000      0.003168
   30.360000      0.001250
   30.380000     -0.001117
   30.400000     -0.003688
   30.420000     -0.006198
   30.440000     -0.008384
   30.460000     -0.010014
   30.480000     -0.010897
   30.500000     -0.010906
   30.520000     -0.009986
   30.540000     -0.008162
   30.560000     -0.005530
   30.580000     -0.002256
   30.600000      0.001440
   30.620000      0.005306
   30.640000      0.009073
   30.660000      0.012484
   30.680000      0.015310
   30.700000      0.017370
   30.720000      0.018550
   30.740000      0.018808
   30.760000      0.018173
   30.780000      0.016753
   30.800000      0.014712
   30.820000      0.012264
   30.840000      0.009652
   30.860000      0.007122
   30.880000      0.004910
   30.900000      0.003217
   30.920000      0.002188
   30.940000      0.001907
   30.960000      0.002387
   30.980000      0.003566
   31.000000      0.005320
   31.020000      0.007463
   31.040000      0.009773
   31.060000      0.012002
   31.080000      0.013904
   31.100000      0.015250
   31.120000      0.015848
   31.140000      0.015559
   31.160000      0.014309
   31.180000      0.012092
   31.200000      0.008974
   31.220000      0.005082
   31.240000      0.000605
   31.260000     -0.004235
   31.280000     -0.009185
   31.300000     -0.013987
   31.320000     -0.018394
   31.340000     -0.022186
   31.360000     -0.025184
   31.380000     -0.027258
   31.400000     -0.028337
   31.420000     -0.028405
   31.440000     -0.027504
   31.460000     -0.025727
   31.480000     -0.023206
   31.500000     -0.020101
   31.520000     -0.016596
   31.540000     -0.012876
   31.560000     -0.009126
   31.580000     -0.005513
   31.600000     -0.002184
   31.620000      0.000738
   31.640000      0.003161
   31.660000      0.005023
   31.680000      0.006290
   31.700000      0.006954
   31.720000      0.007032
   31.740000      0.006559
   31.760000      0.005585
   31.780000      0.004177
   31.800000      0.002411
   31.820000      0.000370
   31.840000     -0.001855
   31.860000     -0.004164
   31.880000     -0.006457
   31.900000     -0.008632
   31.920000     -0.010586
   31.940000     -0.012222
   31.960000     -0.013450
   31.980000     -0.014191
   32.000000     -0.014384
   32.020000     -0.013992
   32.040000     -0.012998
   32.060000     -0.011416
   32.080000     -0.009286
   32.100000     -0.006678
   32.120000     -0.003685
   32.140000     -0.000424
   32.160000      0.002981
   32.180000      0.006391
   32.200000      0.009678
   32.220000      0.012719
   32.240000      0.015413
   32.260000      0.017681
   32.280000      0.019476
   32.300000      0.020784
   32.320000      0.021618
   32.340000      0.022022
   32.360000      0.022061
   32.380000      0.021812
   32.400000      0.021360
   32.420000      0.020784
   32.440000      0.020152
   32.460000      0.019510
   32.480000      0.018883
   32.500000      0.018268
   32.520000      0.017635
   32.540000      0.016934
   32.560000      0.016100
   32.580000      0.015061
   32.600000      0.013751
   32.620000      0.012115
   32.640000      0.010124
   32.660000      0.007780
   32.680000      0.005117
   32.700000      0.002208
   32.720000     -0.000838
   32.740000     -0.003887
   32.760000     -0.006787
   32.780000     -0.009378
   32.800000     -0.011509
   32.820000     -0.013051
   32.840000     -0.013910
   32.860000     -0.014039
   32.880000     -0.013440
   32.900000     -0.012174
   32.920000     -0.010357
   32.940000     -0.008152
   32.960000     -0.005759
   32.980000     -0.003398
   33.000000     -0.001297
   33.020000      0.000329
   33.040000      0.001301
   33.060000      0.001482
   33.080000      0.000799
   33.100000     -0.000755
   33.120000     -0.003114
   33.140000     -0.006148
   33.160000     -0.009664
   33.180000     -0.013428
   33.200000     -0.017173
   33.220000     -0.020629
   33.240000     -0.023536
   33.260000     -0.025667
   33.280000     -0.026845
   33.300000     -0.026959
   33.320000     -0.025969
   33.340000     -0.023909
   33.360000     -0.020885
   33.380000     -0.017069
   33.400000     -0.012678
   33.420000     -0.007964
   33.440000     -0.003192
   33.460000      0.001381
   33.480000      0.005524
   33.500000      0.009046
   33.520000      0.011810
   33.540000      0.013744
   33.560000      0.014831
   33.580000      0.015122
   33.600000      0.014718
   33.620000      0.013756
   33.640000      0.012403
   33.660000      0.010835
   33.680000      0.009221
   33.700000      0.007712
   33.720000      0.006428
   33.740000      0.005450
   33.760000      0.004817
   33.780000      0.004526
   33.800000      0.004537
   33.820000      0.004783
   33.840000      0.005176
   33.860000      0.005620
   33.880000      0.006025
   33.900000      0.006313
   33.920000      0.006427
   33.940000      0.006338
   33.960000      0.006043
   33.980000      0.005569
   34.000000      0.004961
   34.020000      0.004279
   34.040000      0.003595
   34.060000      0.002972
   34.080000      0.002465
   34.100000      0.002111
   34.120000      0.001925
   34.140000      0.001894
   34.160000      0.001985
   34.180000      0.002142
   34.200000      0.002299
   34.220000      0.002382
   34.240000      0.002320
   34.260000      0.002057
   34.280000      0.001553
   34.300000      0.000797
   34.320000     -0.000196
   34.340000     -0.001379
   34.360000     -0.002682
   34.380000     -0.004015
   34.400000     -0.005278
   34.420000     -0.006367
   34.440000     -0.007188
   34.460000     -0.007666
   34.480000     -0.007752
   34.500000     -0.007428
   34.520000     -0.006715
   34.540000     -0.005665
   34.560000     -0.004361
   34.580000     -0.002910
   34.600000     -0.001430
   34.620000     -0.000048
   34.640000      0.001126
   34.660000      0.001994
   34.680000      0.002492
   34.700000      0.002587
   34.720000      0.002284
   34.740000      0.001622
   34.760000      0.000677
   34.780000     -0.000454
   34.800000     -0.001656
   34.820000     -0.002818
   34.840000     -0.003828
   34.860000     -0.004602
   34.880000     -0.005080
   34.900000     -0.005237
   34.920000     -0.005086
   34.940000     -0.004676
   34.960000     -0.004088
   34.980000     -0.003424
   35.000000     -0.002795
   35.020000     -0.002318
   35.040000     -0.002094
   35.060000     -0.002198
   35.080000     -0.002675
   35.100000     -0.003529
   35.120000     -0.004724
   35.140000     -0.006186
   35.160000     -0.007804
   35.180000     -0.009446
   35.200000     -0.010972
   35.220000     -0.012241
   35.240000     -0.013132
   35.260000     -0.013547
   35.280000     -0.013435
   35.300000     -0.012785
   35.320000     -0.011638
   35.340000     -0.010076
   35.360000     -0.008224
   35.380000     -0.006228
   35.400000     -0.004254
   35.420000     -0.002460
   35.440000     -0.000990
   35.460000      0.000049
   35.480000      0.000593
   35.500000      0.000630
   35.520000      0.000206
   35.540000     -0.000581
   35.560000     -0.001588
   35.580000     -0.002636
   35.600000     -0.003530
   35.620000     -0.004076
   35.640000     -0.004099
   35.660000     -0.003460
   35.680000     -0.002074
   35.700000      0.000079
   35.720000      0.002950
   35.740000      0.006421
   35.760000      0.010310
   35.780000      0.014387
   35.800000      0.018383
   35.820000      0.022018
   35.840000      0.025020
   35.860000      0.027149
   35.880000      0.028214
   35.900000      0.028093
   35.920000      0.026742
   35.940000      0.024200
   35.960000      0.020591
   35.980000      0.016110
   36.000000      0.011015
   36.020000      0.005606
   36.040000      0.000199
   36.060000     -0.004890
   36.080000     -0.009379
   36.100000     -0.013031
   36.120000     -0.015676
   36.140000     -0.017222
   36.160000     -0.017664
   36.180000     -0.017074
   36.200000     -0.015601
   36.220000     -0.013457
   36.240000     -0.010895
   36.260000     -0.008191
   36.280000     -0.005622
   36.300000     -0.003443
   36.320000     -0.001865
   36.340000     -0.001046
   36.360000     -0.001073
   36.380000     -0.001958
   36.400000     -0.003644
   36.420000     -0.006006
   36.440000     -0.008861
   36.460000     -0.011987
   36.480000     -0.015142
   36.500000     -0.018076
   36.520000     -0.020556
   36.540000     -0.022379
   36.560000     -0.023387
   36.580000     -0.023474
   36.600000     -0.022597
   36.620000     -0.020771
   36.640000     -0.018067
   36.660000     -0.014605
   36.680000     -0.010547
   36.700000     -0.006076
   36.720000     -0.001396
   36.740000      0.003295
   36.760000      0.007802
   36.780000      0.011959
   36.800000      0.015618
   36.820000      0.018671
   36.840000      0.021040
   36.860000      0.022680
   36.880000      0.023582
   36.900000      0.023761
   36.920000      0.023260
   36.940000      0.022134
   36.960000      0.020458
   36.980000      0.018313
   37.000000      0.015792
   37.020000      0.012985
   37.040000      0.009990
   37.060000      0.006905
   37.080000      0.003827
   37.100000      0.000853
   37.120000     -0.001921
   37.140000     -0.004405
   37.160000     -0.006516
   37.180000     -0.008178
   37.200000     -0.009334
   37.220000     -0.009938
   37.240000     -0.009972
   37.260000     -0.009437
   37.280000     -0.008363
   37.300000     -0.006803
   37.320000     -0.004837
   37.340000     -0.002566
   37.360000     -0.000106
   37.380000      0.002416
   37.400000      0.004870
   37.420000      0.007134
   37.440000      0.009100
   37.460000      0.010680
   37.480000      0.011815
   37.500000      0.012476
   37.520000      0.012668
   37.540000      0.012427
   37.560000      0.011816
   37.580000      0.010925
   37.600000      0.009851
   37.620000      0.008704
   37.640000      0.007586
   37.660000      0.006590
   37.680000      0.005786
   37.700000      0.005220
   37.720000      0.004907
   37.740000      0.004834
   37.760000      0.004957
   37.780000      0.005213
   37.800000      0.005519
   37.820000      0.005785
   37.840000      0.005922
   37.860000      0.005850
   37.880000      0.005509
   37.900000      0.004864
   37.920000      0.003904
   37.940000      0.002652
   37.960000      0.001160
   37.980000     -0.000497
   38.000000     -0.002225
   38.020000     -0.003922
   38.040000     -0.005484
   38.060000     -0.006815
   38.080000     -0.007840
   38.100000     -0.008503
   38.120000     -0.008783
   38.140000     -0.008688
   38.160000     -0.008258
   38.180000     -0.007562
   38.200000     -0.006690
   38.220000     -0.005746
   38.240000     -0.004840
   38.260000     -0.004076
   38.280000     -0.003547
   38.300000     -0.003322
   38.320000     -0.003440
   38.340000     -0.003917
   38.360000     -0.004727
   38.380000     -0.005821
   38.400000     -0.007122
   38.420000     -0.008537
   38.440000     -0.009960
   38.460000     -0.011288
   38.480000     -0.012426
   38.500000     -0.013291
   38.520000     -0.013830
   38.540000     -0.014014
   38.560000     -0.013843
   38.580000     -0.013350
   38.600000     -0.012587
   38.620000     -0.011630
   38.640000     -0.010570
   38.660000     -0.009494
   38.680000     -0.008495
   38.700000     -0.007645
   38.720000     -0.007006
   38.740000     -0.006607
   38.760000     -0.006462
   38.780000     -0.006553
   38.800000     -0.006839
   38.820000     -0.007260
   38.840000     -0.007747
   38.860000     -0.008222
   38.880000     -0.008609
   38.900000     -0.008843
   38.920000     -0.008873
   38.940000     -0.008668
   38.960000     -0.008221
   38.980000     -0.007547
   39.000000     -0.006682
   39.020000     -0.005680
   39.040000     -0.004606
   39.060000     -0.003533
   39.080000     -0.002531
   39.100000     -0.001660
   39.120000     -0.000968
   39.140000     -0.000484
   39.160000     -0.000212
   39.180000     -0.000137
   39.200000     -0.000222
   39.220000     -0.000410
   39.240000     -0.000634
   39.260000     -0.000818
   39.280000     -0.000889
   39.300000     -0.000781
   39.320000     -0.000442
   39.340000      0.000161
   39.360000      0.001033
   39.380000      0.002159
   39.400000      0.003496
   39.420000      0.004975
   39.440000      0.006512
   39.460000      0.008008
   39.480000      0.009358
   39.500000      0.010456
   39.520000      0.011208
   39.540000      0.011536
   39.560000      0.011378
   39.580000      0.010708
   39.600000      0.009521
   39.620000      0.007846
   39.640000      0.005738
   39.660000      0.003284
   39.680000      0.000588
   39.700000     -0.002232
   39.720000     -0.005042
   39.740000     -0.007715
   39.760000     -0.010121
   39.780000     -0.012146
   39.800000     -0.013693
   39.820000     -0.014687
   39.840000     -0.015077
   39.860000     -0.014840
   39.880000     -0.013985
   39.900000     -0.012544
   39.920000     -0.010573
   39.940000     -0.008154
   39.960000     -0.005382
   39.980000     -0.002368
   40.000000      0.000774
