0.00	-0.00668581
0.02	-0.02218850
0.04	-0.04375240
0.06	-0.07435830
0.08	-0.11555600
0.10	-0.16718600
0.12	-0.22734400
0.14	-0.29259700
0.16	-0.35841400
0.18	-0.41976200
0.20	-0.47176800
0.22	-0.51037800
0.24	-0.53290300
0.26	-0.53838300
0.28	-0.52773400
0.30	-0.50364300
0.32	-0.47023400
0.34	-0.43256500
0.36	-0.39601000
0.38	-0.36561500
0.40	-0.34552300
0.42	-0.33852500
0.44	-0.34580300
0.46	-0.36688700
0.48	-0.39982000
0.50	-0.44149700
0.52	-0.48813400
0.54	-0.53578000
0.56	-0.58082700
0.58	-0.62042000
0.60	-0.65274700
0.62	-0.67715800
0.64	-0.69413200
0.66	-0.70507900
0.68	-0.71205500
0.70	-0.71740100
0.72	-0.72338800
0.74	-0.73191000
0.76	-0.74425900
0.78	-0.76100900
0.80	-0.78202400
0.82	-0.80655600
0.84	-0.83343100
0.86	-0.86127000
0.88	-0.88872000
0.90	-0.91464700
0.92	-0.93827900
0.94	-0.95927400
0.96	-0.97772000
0.98	-0.99406500
1.00	-1.00901000
1.02	-1.02336000
1.04	-1.03793000
1.06	-1.05340000
1.08	-1.07028000
1.10	-1.08884000
1.12	-1.10915000
1.14	-1.13108000
1.16	-1.15439000
1.18	-1.17871000
1.20	-1.20365000
1.22	-1.22872000
1.24	-1.25341000
1.26	-1.27713000
1.28	-1.29920000
1.30	-1.31886000
1.32	-1.33531000
1.34	-1.34774000
1.36	-1.35545000
1.38	-1.35797000
1.40	-1.35520000
1.42	-1.34751000
1.44	-1.33583000
1.46	-1.32172000
1.48	-1.30724000
1.50	-1.29489000
1.52	-1.28736000
1.54	-1.28726000
1.56	-1.29682000
1.58	-1.31757000
1.60	-1.35012000
1.62	-1.39392000
1.64	-1.44724000
1.66	-1.50726000
1.68	-1.57020000
1.70	-1.63174000
1.72	-1.68736000
1.74	-1.73286000
1.76	-1.76476000
1.78	-1.78074000
1.80	-1.77988000
1.82	-1.76285000
1.84	-1.73181000
1.86	-1.69027000
1.88	-1.64270000
1.90	-1.59413000
1.92	-1.54958000
1.94	-1.51359000
1.96	-1.48978000
1.98	-1.48050000
2.00	-1.48667000
2.02	-1.50780000
2.04	-1.54210000
2.06	-1.58684000
2.08	-1.63875000
2.10	-1.69446000
2.12	-1.75093000
2.14	-1.80579000
2.16	-1.85749000
2.18	-1.90538000
2.20	-1.94945000
2.22	-1.98997000
2.24	-2.02696000
2.26	-2.05957000
2.28	-2.08543000
2.30	-2.10013000
2.32	-2.09682000
2.34	-2.06607000
2.36	-1.99608000
2.38	-1.87318000
2.40	-1.68266000
2.42	-1.40997000
2.44	-1.04202000
2.46	-0.56870000
2.48	0.01575290
2.50	0.71145200
2.52	1.51193000
2.54	2.40361000
2.56	3.36584000
2.58	4.37143000
2.60	5.38781000
2.62	6.37868000
2.64	7.30602000
2.66	8.13243000
2.68	8.82347000
2.70	9.34992000
2.72	9.68972000
2.74	9.82945000
2.76	9.76522000
2.78	9.50282000
2.80	9.05728000
2.82	8.45170000
2.84	7.71560000
2.86	6.88280000
2.88	5.98920000
2.90	5.07038000
2.92	4.15955000
2.94	3.28569000
2.96	2.47225000
2.98	1.73632000
3.00	1.08840000
3.02	0.53271200
3.04	0.06791790
3.06	-0.31177900
3.08	-0.61537300
3.10	-0.85372700
3.12	-1.03832000
3.14	-1.18022000
3.16	-1.28923000
3.18	-1.37350000
3.20	-1.43925000
3.22	-1.49090000
3.24	-1.53134000
3.26	-1.56236000
3.28	-1.58504000
3.30	-1.60020000
3.32	-1.60873000
3.34	-1.61172000
3.36	-1.61055000
3.38	-1.60676000
3.40	-1.60189000
3.42	-1.59721000
3.44	-1.59351000
3.46	-1.59084000
3.48	-1.58845000
3.50	-1.58474000
3.52	-1.57738000
3.54	-1.56352000
3.56	-1.54010000
3.58	-1.50417000
3.60	-1.45325000
3.62	-1.38566000
3.64	-1.30074000
3.66	-1.19909000
3.68	-1.08254000
3.70	-0.95418700
3.72	-0.81820700
3.74	-0.67966400
3.76	-0.54422000
3.78	-0.41783300
3.80	-0.30643300
3.82	-0.21561300
3.84	-0.15034700
3.86	-0.11473900
3.88	-0.11183000
3.90	-0.14344000
3.92	-0.21008600
3.94	-0.31093200
3.96	-0.44382200
3.98	-0.60535500
4.00	-0.79103000
4.02	-0.99544900
4.04	-1.21257000
4.06	-1.43598000
4.08	-1.65925000
4.10	-1.87621000
4.12	-2.08127000
4.14	-2.26965000
4.16	-2.43757000
4.18	-2.58230000
4.20	-2.70215000
4.22	-2.79632000
4.24	-2.86465000
4.26	-2.90731000
4.28	-2.92445000
4.30	-2.91580000
4.32	-2.88037000
4.34	-2.81620000
4.36	-2.72025000
4.38	-2.58844000
4.40	-2.41589000
4.42	-2.19726000
4.44	-1.92729000
4.46	-1.60143000
4.48	-1.21656000
4.50	-0.77162600
4.52	-0.26824900
4.54	0.28878800
4.56	0.89129000
4.58	1.52762000
4.60	2.18293000
4.62	2.83966000
4.64	3.47827000
4.66	4.07821000
4.68	4.61896000
4.70	5.08119000
4.72	5.44788000
4.74	5.70533000
4.76	5.84402000
4.78	5.85914000
4.80	5.75096000
4.82	5.52479000
4.84	5.19063000
4.86	4.76259000
4.88	4.25806000
4.90	3.69669000
4.92	3.09927000
4.94	2.48665000
4.96	1.87873000
4.98	1.29352000
5.00	0.74650600
5.02	0.25017900
5.04	-0.18620300
5.06	-0.55657700
5.08	-0.85787400
5.10	-1.08965000
5.12	-1.25365000
5.14	-1.35327000
5.16	-1.39316000
5.18	-1.37874000
5.20	-1.31597000
5.22	-1.21109000
5.24	-1.07057000
5.26	-0.90108400
5.28	-0.70954700
5.30	-0.50319300
5.32	-0.28960100
5.34	-0.07666940
5.36	0.12748600
5.38	0.31472300
5.40	0.47715400
5.42	0.60749800
5.44	0.69945200
5.46	0.74805900
5.48	0.75004500
5.50	0.70405100
5.52	0.61077200
5.54	0.47295300
5.56	0.29526600
5.58	0.08405740
5.60	-0.15298800
5.62	-0.40725400
5.64	-0.66961600
5.66	-0.93085600
5.68	-1.18203000
5.70	-1.41478000
5.72	-1.62154000
5.74	-1.79571000
5.76	-1.93173000
5.78	-2.02510000
5.80	-2.07244000
5.82	-2.07146000
5.84	-2.02100000
5.86	-1.92111000
5.88	-1.77307000
5.90	-1.57952000
5.92	-1.34454000
5.94	-1.07368000
5.96	-0.77398600
5.98	-0.45388700
6.00	-0.12303800
6.02	0.20796600
6.04	0.52797300
6.06	0.82573800
6.08	1.09043000
6.10	1.31219000
6.12	1.48262000
6.14	1.59524000
6.16	1.64585000
6.18	1.63274000
6.20	1.55680000
6.22	1.42139000
6.24	1.23220000
6.26	0.99682700
6.28	0.72441000
6.30	0.42508500
6.32	0.10946600
6.34	-0.21187500
6.36	-0.52889300
6.38	-0.83248700
6.40	-1.11484000
6.42	-1.36963000
6.44	-1.59222000
6.46	-1.77967000
6.48	-1.93071000
6.50	-2.04565000
6.52	-2.12616000
6.54	-2.17511000
6.56	-2.19630000
6.58	-2.19418000
6.60	-2.17363000
6.62	-2.13963000
6.64	-2.09707000
6.66	-2.05045000
6.68	-2.00372000
6.70	-1.96003000
6.72	-1.92165000
6.74	-1.88976000
6.76	-1.86443000
6.78	-1.84453000
6.80	-1.82774000
6.82	-1.81062000
6.84	-1.78868000
6.86	-1.75655000
6.88	-1.70820000
6.90	-1.63722000
6.92	-1.53711000
6.94	-1.40171000
6.96	-1.22560000
6.98	-1.00447000
7.00	-0.73562500
7.02	-0.41830700
7.04	-0.05402720
7.06	0.35321400
7.08	0.79684000
7.10	1.26776000
7.12	1.75459000
7.14	2.24404000
7.16	2.72144000
7.18	3.17145000
7.20	3.57877000
7.22	3.92898000
7.24	4.20930000
7.26	4.40936000
7.28	4.52172000
7.30	4.54236000
7.32	4.47088000
7.34	4.31047000
7.36	4.06775000
7.38	3.75230000
7.40	3.37609000
7.42	2.95277000
7.44	2.49688000
7.46	2.02312000
7.48	1.54556000
7.50	1.07703000
7.52	0.62865400
7.54	0.20945000
7.56	-0.17380100
7.58	-0.51659700
7.60	-0.81659500
7.62	-1.07338000
7.64	-1.28814000
7.66	-1.46334000
7.68	-1.60231000
7.70	-1.70892000
7.72	-1.78722000
7.74	-1.84116000
7.76	-1.87436000
7.78	-1.88994000
7.80	-1.89040000
7.82	-1.87754000
7.84	-1.85244000
7.86	-1.81553000
7.88	-1.76663000
7.90	-1.70508000
7.92	-1.62988000
7.94	-1.53993000
7.96	-1.43419000
7.98	-1.31191000
8.00	-1.17288000
8.02	-1.01762000
8.04	-0.84752000
8.06	-0.66496400
8.08	-0.47334700
8.10	-0.27701600
8.12	-0.08112720
8.14	0.10858300
8.16	0.28610300
8.18	0.44549700
8.20	0.58128100
8.22	0.68878800
8.24	0.76451500
8.26	0.80637400
8.28	0.81387500
8.30	0.78818600
8.32	0.73208700
8.34	0.64980000
8.36	0.54672700
8.38	0.42909800
8.40	0.30356700
8.42	0.17678800
8.44	0.05499270
8.46	-0.05638450
8.48	-0.15301900
8.50	-0.23191900
8.52	-0.29154400
8.54	-0.33182300
8.56	-0.35405900
8.58	-0.36074000
8.60	-0.35528200
8.62	-0.34170400
8.64	-0.32427300
8.66	-0.30715900
8.68	-0.29409100
8.70	-0.28807800
8.72	-0.29118900
8.74	-0.30441200
8.76	-0.32761500
8.78	-0.35958800
8.80	-0.39818600
8.82	-0.44053800
8.84	-0.48331800
8.86	-0.52305500
8.88	-0.55644800
8.90	-0.58066200
8.92	-0.59358700
8.94	-0.59402500
8.96	-0.58179900
8.98	-0.55776700
9.00	-0.52374800
9.02	-0.48235300
9.04	-0.43676100
9.06	-0.39043000
9.08	-0.34679400
9.10	-0.30896700
9.12	-0.27947200
9.14	-0.26003600
9.16	-0.25145700
9.18	-0.25355200
9.20	-0.26520400
9.22	-0.28448100
9.24	-0.30883300
9.26	-0.33532500
9.28	-0.36090300
9.30	-0.38265100
9.32	-0.39802200
9.34	-0.40501300
9.36	-0.40228400
9.38	-0.38919000
9.40	-0.36574400
9.42	-0.33251200
9.44	-0.29044700
9.46	-0.24068900
9.48	-0.18435300
9.50	-0.12233000
9.52	-0.05511580
9.54	0.01729940
9.56	0.09547740
9.58	0.18050000
9.60	0.27385800
9.62	0.37727800
9.64	0.49248200
9.66	0.62092300
9.68	0.76350200
9.70	0.92031100
9.72	1.09041000
9.74	1.27167000
9.76	1.46070000
9.78	1.65293000
9.80	1.84268000
9.82	2.02342000
9.84	2.18812000
9.86	2.32961000
9.88	2.44097000
9.90	2.51603000
9.92	2.54969000
9.94	2.53830000
9.96	2.47990000
9.98	2.37436000
10.00	2.22343000
10.02	2.03062000
10.04	1.80103000
10.06	1.54105000
10.08	1.25802000
10.10	0.95983900
10.12	0.65459600
10.14	0.35017300
10.16	0.05395080
10.18	-0.22744500
10.20	-0.48831600
10.22	-0.72398600
10.24	-0.93082400
10.26	-1.10620000
10.28	-1.24841000
10.30	-1.35659000
10.32	-1.43059000
10.34	-1.47091000
10.36	-1.47858000
10.38	-1.45518000
10.40	-1.40275000
10.42	-1.32384000
10.44	-1.22149000
10.46	-1.09924000
10.48	-0.96109100
10.50	-0.81148000
10.52	-0.65517800
10.54	-0.49717500
10.56	-0.34252400
10.58	-0.19616200
10.60	-0.06271650
10.62	0.05368920
10.64	0.14960600
10.66	0.22240400
10.68	0.27037100
10.70	0.29276100
10.72	0.28979300
10.74	0.26259600
10.76	0.21311400
10.78	0.14397400
10.80	0.05833190
10.82	-0.04028340
10.84	-0.14813200
10.86	-0.26140900
10.88	-0.37636900
10.90	-0.48943300
10.92	-0.59726600
10.94	-0.69684200
10.96	-0.78547900
10.98	-0.86087600
11.00	-0.92113300
11.02	-0.96477000
11.04	-0.99074700
11.06	-0.99847700
11.08	-0.98785000
11.10	-0.95924100
11.12	-0.91351300
11.14	-0.85201400
11.16	-0.77654600
11.18	-0.68932700
11.20	-0.59292400
11.22	-0.49016600
11.24	-0.38404400
11.26	-0.27759300
11.28	-0.17376500
11.30	-0.07531610
11.32	0.01532460
11.34	0.09614690
11.36	0.16564000
11.38	0.22284600
11.40	0.26737700
11.42	0.29941200
11.44	0.31965200
11.46	0.32925800
11.48	0.32976600
11.50	0.32298800
11.52	0.31091000
11.54	0.29559100
11.56	0.27906600
11.58	0.26327300
11.60	0.24998300
11.62	0.24075400
11.64	0.23690800
11.66	0.23950400
11.68	0.24934000
11.70	0.26694000
11.72	0.29256300
11.74	0.32618800
11.76	0.36751300
11.78	0.41594400
11.80	0.47057800
11.82	0.53020400
11.84	0.59329900
11.86	0.65804900
11.88	0.72238700
11.90	0.78404900
11.92	0.84066100
11.94	0.88984100
11.96	0.92932200
11.98	0.95708100
12.00	0.97146200
12.02	0.97129300
12.04	0.95597100
12.06	0.92552400
12.08	0.88062200
12.10	0.82255700
12.12	0.75317000
12.14	0.67475400
12.16	0.58991700
12.18	0.50143700
12.20	0.41210900
12.22	0.32459800
12.24	0.24131400
12.26	0.16430700
12.28	0.09519690
12.30	0.03514510
12.32	-0.01516540
12.34	-0.05550190
12.36	-0.08604350
12.38	-0.10732900
12.40	-0.12019700
12.42	-0.12573000
12.44	-0.12519200
12.46	-0.11998500
12.48	-0.11159700
12.50	-0.10156000
12.52	-0.09140500
12.54	-0.08262090
12.56	-0.07660010
12.58	-0.07458840
12.60	-0.07762940
12.62	-0.08651110
12.64	-0.10171700
12.66	-0.12339200
12.68	-0.15131800
12.70	-0.18491600
12.72	-0.22327300
12.74	-0.26517900
12.76	-0.30920200
12.78	-0.35376400
12.80	-0.39723800
12.82	-0.43803800
12.84	-0.47470700
12.86	-0.50599900
12.88	-0.53093400
12.90	-0.54883800
12.92	-0.55936200
12.94	-0.56247800
12.96	-0.55846500
12.98	-0.54787300
13.00	-0.53148800
13.02	-0.51028800
13.04	-0.48540100
13.06	-0.45806500
13.08	-0.42958500
13.10	-0.40129800
13.12	-0.37453300
13.14	-0.35056900
13.16	-0.33059200
13.18	-0.31564800
13.20	-0.30659000
13.22	-0.30402800
13.24	-0.30828100
13.26	-0.31933800
13.28	-0.33682700
13.30	-0.36000900
13.32	-0.38779100
13.34	-0.41875000
13.36	-0.45119800
13.38	-0.48325600
13.40	-0.51294200
13.42	-0.53828000
13.44	-0.55739900
13.46	-0.56864000
13.48	-0.57064900
13.50	-0.56245100
13.52	-0.54350600
13.54	-0.51374800
13.56	-0.47358900
13.58	-0.42390300
13.60	-0.36599300
13.62	-0.30153000
13.64	-0.23247500
13.66	-0.16099300
13.68	-0.08934940
13.70	-0.01980780
13.72	0.04548160
13.74	0.10458500
13.76	0.15588400
13.78	0.19815800
13.80	0.23065100
13.82	0.25311800
13.84	0.26583600
13.86	0.26960100
13.88	0.26567900
13.90	0.25573600
13.92	0.24174300
13.94	0.22586200
13.96	0.21030900
13.98	0.19723100
14.00	0.18856900
14.02	0.18595000
14.04	0.19059700
14.06	0.20325800
14.08	0.22418400
14.10	0.25312200
14.12	0.28935000
14.14	0.33173700
14.16	0.37881400
14.18	0.42887500
14.20	0.48006800
14.22	0.53049500
14.24	0.57830200
14.26	0.62175800
14.28	0.65931800
14.30	0.68967500
14.32	0.71179400
14.34	0.72493000
14.36	0.72863400
14.38	0.72275200
14.40	0.70740700
14.42	0.68298000
14.44	0.65007400
14.46	0.60948200
14.48	0.56214400
14.50	0.50909800
14.52	0.45143500
14.54	0.39024800
14.56	0.32658700
14.58	0.26142000
14.60	0.19559900
14.62	0.12984100
14.64	0.06472250
14.66	0.00067946
14.68	-0.06197160
14.70	-0.12300900
14.72	-0.18227100
14.74	-0.23962200
14.76	-0.29491800
14.78	-0.34797500
14.80	-0.39855200
14.82	-0.44633500
14.84	-0.49094100
14.86	-0.53192700
14.88	-0.56880000
14.90	-0.60104700
14.92	-0.62815800
14.94	-0.64964500
14.96	-0.66507000
14.98	-0.67406300
15.00	-0.67633600
15.02	-0.67170400
15.04	-0.66009100
15.06	-0.64155400
15.08	-0.61628900
15.10	-0.58465300
15.12	-0.54717800
15.14	-0.50458500
15.16	-0.45779000
15.18	-0.40789900
15.20	-0.35620000
15.22	-0.30411800
15.24	-0.25318000
15.26	-0.20493600
15.28	-0.16088800
15.30	-0.12240100
15.32	-0.09061090
15.34	-0.06634290
15.36	-0.05004480
15.38	-0.04174050
15.40	-0.04101010
15.42	-0.04700490
15.44	-0.05849110
15.46	-0.07392360
15.48	-0.09154300
15.50	-0.10948800
15.52	-0.12591600
15.54	-0.13911500
15.56	-0.14761400
15.58	-0.15025800
15.60	-0.14627600
15.62	-0.13530500
15.64	-0.11739200
15.66	-0.09297410
15.68	-0.06282870
15.70	-0.02801150
15.72	0.01021670
15.74	0.05046820
15.76	0.09130560
15.78	0.13131400
15.80	0.16916600
15.82	0.20367400
15.84	0.23383100
15.86	0.25884900
15.88	0.27816500
15.90	0.29146300
15.92	0.29866200
15.94	0.29990600
15.96	0.29554600
15.98	0.28610100
16.00	0.27223200
16.02	0.25469200
16.04	0.23428700
16.06	0.21182600
16.08	0.18809000
16.10	0.16379400
16.12	0.13956000
16.14	0.11590800
16.16	0.09325390
16.18	0.07192090
16.20	0.05215230
16.22	0.03414040
16.24	0.01805580
16.26	0.00407061
16.28	-0.00762151
16.30	-0.01679100
16.32	-0.02316950
16.34	-0.02645930
16.36	-0.02635210
16.38	-0.02255350
16.40	-0.01481440
16.42	-0.00296303
16.44	0.01306510
16.46	0.03320590
16.48	0.05725050
16.50	0.08483630
16.52	0.11545300
16.54	0.14845600
16.56	0.18308900
16.58	0.21850300
16.60	0.25378600
16.62	0.28800300
16.64	0.32022100
16.66	0.34953300
16.68	0.37509500
16.70	0.39615300
16.72	0.41206300
16.74	0.42231800
16.76	0.42656600
16.78	0.42463100
16.80	0.41651800
16.82	0.40242500
16.84	0.38273500
16.86	0.35800400
16.88	0.32893500
16.90	0.29634900
16.92	0.26114300
16.94	0.22424300
16.96	0.18655100
16.98	0.14890000
17.00	0.11201900
17.02	0.07649890
17.04	0.04276910
17.06	0.01109770
17.08	-0.01839630
17.10	-0.04572510
17.12	-0.07100370
17.14	-0.09441130
17.16	-0.11615200
17.18	-0.13642600
17.20	-0.15540000
17.22	-0.17319300
17.24	-0.18986100
17.26	-0.20540500
17.28	-0.21977800
17.30	-0.23289800
17.32	-0.24466400
17.34	-0.25497000
17.36	-0.26372400
17.38	-0.27084600
17.40	-0.27628000
17.42	-0.27998700
17.44	-0.28194200
17.46	-0.28213100
17.48	-0.28054700
17.50	-0.27718100
17.52	-0.27203500
17.54	-0.26511500
17.56	-0.25644600
17.58	-0.24607600
17.60	-0.23408400
17.62	-0.22058300
17.64	-0.20571800
17.66	-0.18966700
17.68	-0.17262300
17.70	-0.15478100
17.72	-0.13632400
17.74	-0.11740900
17.76	-0.09815300
17.78	-0.07862830
17.80	-0.05886370
17.82	-0.03885770
17.84	-0.01859360
17.86	0.00194029
17.88	0.02272510
17.90	0.04368690
17.92	0.06468230
17.94	0.08548790
17.96	0.10580500
17.98	0.12527200
18.00	0.14348200
18.02	0.16001900
18.04	0.17449700
18.06	0.18659000
18.08	0.19606600
18.10	0.20281600
18.12	0.20686200
18.14	0.20836300
18.16	0.20760000
18.18	0.20495300
18.20	0.20087300
18.22	0.19584000
18.24	0.19032700
18.26	0.18476000
18.28	0.17949200
18.30	0.17477600
18.32	0.17075400
18.34	0.16745600
18.36	0.16480300
18.38	0.16262600
18.40	0.16068300
18.42	0.15868600
18.44	0.15632500
18.46	0.15329700
18.48	0.14932700
18.50	0.14419100
18.52	0.13773200
18.54	0.12987300
18.56	0.12062500
18.58	0.11009100
18.60	0.09845930
18.62	0.08599850
18.64	0.07303900
18.66	0.05995790
18.68	0.04715330
18.70	0.03501700
18.72	0.02390850
18.74	0.01413090
18.76	0.00590768
18.78	-0.00063309
18.80	-0.00546520
18.82	-0.00866209
18.84	-0.01038680
18.86	-0.01087280
18.88	-0.01039750
18.90	-0.00925431
18.92	-0.00772302
18.94	-0.00604406
18.96	-0.00439915
18.98	-0.00290068
19.00	-0.00159041
19.02	-0.00044810
19.04	0.00059196
19.06	0.00161858
19.08	0.00271906
19.10	0.00395582
19.12	0.00534773
19.14	0.00685822
19.16	0.00839195
19.18	0.00980067
19.20	0.01089690
19.22	0.01147310
19.24	0.01132350
19.26	0.01026660
19.28	0.00816316
19.30	0.00492952
19.32	0.00054385
19.34	-0.00495497
19.36	-0.01147550
19.38	-0.01888560
19.40	-0.02702610
19.42	-0.03572580
19.44	-0.04481390
19.46	-0.05412760
19.48	-0.06351440
19.50	-0.07283210
19.52	-0.08194350
19.54	-0.09071170
19.56	-0.09899350
19.58	-0.10663500
19.60	-0.11347400
19.62	-0.11934500
19.64	-0.12408700
19.66	-0.12756100
19.68	-0.12965800
19.70	-0.13032000
19.72	-0.12954600
19.74	-0.12740500
19.76	-0.12402700
19.78	-0.11960800
19.80	-0.11438700
19.82	-0.10863700
19.84	-0.10264200
19.86	-0.09667390
19.88	-0.09097650
19.90	-0.08575030
19.92	-0.08114130
19.94	-0.07723610
19.96	-0.07406310
19.98	-0.07159850
20.00	-0.06977330
20.02	-0.06848360
20.04	-0.06760050
20.06	-0.06697840
20.08	-0.06646260
20.10	-0.06589490
20.12	-0.06511800
20.14	-0.06398030
20.16	-0.06234110
20.18	-0.06007830
20.20	-0.05709620
20.22	-0.05333620
20.24	-0.04878850
20.26	-0.04350110
20.28	-0.03758700
20.30	-0.03122660
20.32	-0.02466490
20.34	-0.01819980
20.36	-0.01216370
20.38	-0.00689978
20.40	-0.00273459
20.42	0.00005263
20.44	0.00125798
20.46	0.00077521
20.48	-0.00138897
20.50	-0.00510943
20.52	-0.01014810
20.54	-0.01617090
20.56	-0.02277240
20.58	-0.02950720
20.60	-0.03592480
20.62	-0.04160560
20.64	-0.04619060
20.66	-0.04940560
20.68	-0.05107710
20.70	-0.05113920
20.72	-0.04962920
20.74	-0.04667720
20.76	-0.04248810
20.78	-0.03731980
20.80	-0.03146030
20.82	-0.02520620
20.84	-0.01884320
20.86	-0.01262920
20.88	-0.00678406
20.90	-0.00148295
20.92	0.00314747
20.94	0.00702963
20.96	0.01013230
20.98	0.01246690
21.00	0.01408310
21.02	0.01506340
21.04	0.01551670
21.06	0.01557170
21.08	0.01536810
21.10	0.01504880
21.12	0.01475010
21.14	0.01459260
21.16	0.01467230
21.18	0.01505350
21.20	0.01576390
21.22	0.01679250
21.24	0.01809060
21.26	0.01957640
21.28	0.02114220
21.30	0.02266390
21.32	0.02401060
21.34	0.02505510
21.36	0.02568300
21.38	0.02579900
21.40	0.02533130
21.42	0.02423350
21.44	0.02248360
21.46	0.02008170
21.48	0.01704750
21.50	0.01341710
21.52	0.00924027
21.54	0.00457939
21.56	-0.00049119
21.58	-0.00588411
21.60	-0.01149920
21.62	-0.01722460
21.64	-0.02293860
21.66	-0.02851330
21.68	-0.03382150
21.70	-0.03874590
21.72	-0.04318800
21.74	-0.04707700
21.76	-0.05037910
21.78	-0.05310270
21.80	-0.05529980
21.82	-0.05706360
21.84	-0.05852100
21.86	-0.05982220
21.88	-0.06112610
21.90	-0.06258560
21.92	-0.06433260
21.94	-0.06646620
21.96	-0.06904360
21.98	-0.07207510
22.00	-0.07552490
22.02	-0.07931490
22.04	-0.08333260
22.06	-0.08744000
22.08	-0.09148250
22.10	-0.09529790
22.12	-0.09872330
22.14	-0.10159900
22.16	-0.10376900
22.18	-0.10508500
22.20	-0.10540300
22.22	-0.10458700
22.24	-0.10251400
22.26	-0.09907530
22.28	-0.09418850
22.30	-0.08780810
22.32	-0.07993730
22.34	-0.07063870
22.36	-0.06004130
22.38	-0.04834350
22.40	-0.03581180
22.42	-0.02276920
22.44	-0.00957703
22.46	0.00338619
22.48	0.01574910
22.50	0.02717510
22.52	0.03738760
22.54	0.04618760
22.56	0.05346380
22.58	0.05919710
22.60	0.06345350
22.62	0.06636990
22.64	0.06813270
22.66	0.06895390
22.68	0.06904670
22.70	0.06860350
22.72	0.06777890
22.74	0.06668070
22.76	0.06536700
22.78	0.06385190
22.80	0.06211600
22.82	0.06012100
22.84	0.05782590
22.86	0.05520010
22.88	0.05223560
22.90	0.04895220
22.92	0.04539910
22.94	0.04164990
22.96	0.03779490
22.98	0.03393220
23.00	0.03015650
23.02	0.02655110
23.04	0.02318220
23.06	0.02009810
23.08	0.01732970
23.10	0.01489630
23.12	0.01281160
23.14	0.01109030
23.16	0.00975411
23.18	0.00883408
23.20	0.00837041
23.22	0.00840905
23.24	0.00899541
23.26	0.01016640
23.28	0.01194270
23.30	0.01432160
23.32	0.01727300
23.34	0.02073760
23.36	0.02463070
23.38	0.02884680
23.40	0.03326750
23.42	0.03777060
23.44	0.04223900
23.46	0.04656760
23.48	0.05066690
23.50	0.05446530
23.52	0.05790850
23.54	0.06095540
23.56	0.06357470
23.58	0.06574050
23.60	0.06743050
23.62	0.06862490
23.64	0.06930870
23.66	0.06947530
23.68	0.06913220
23.70	0.06830540
23.72	0.06704380
23.74	0.06542040
23.76	0.06352970
23.78	0.06148160
23.80	0.05939160
23.82	0.05736900
23.84	0.05550430
23.86	0.05385630
23.88	0.05244430
23.90	0.05124330
23.92	0.05018570
23.94	0.04916810
23.96	0.04806410
23.98	0.04674000
24.00	0.04507290
24.02	0.04296710
24.04	0.04036840
24.06	0.03727310
24.08	0.03373040
24.10	0.02983830
24.12	0.02573340
24.14	0.02157600
24.16	0.01753380
24.18	0.01376310
24.20	0.01039390
24.22	0.00751854
24.24	0.00518578
24.26	0.00340044
24.28	0.00212821
24.30	0.00130510
24.32	0.00084917
24.34	0.00067253
24.36	0.00069226
24.38	0.00083864
24.40	0.00105968
24.42	0.00132189
24.44	0.00160796
24.46	0.00191213
24.48	0.00223473
24.50	0.00257717
24.52	0.00293866
24.54	0.00331497
24.56	0.00369963
24.58	0.00408706
24.60	0.00447646
24.62	0.00487571
24.64	0.00530369
24.66	0.00579027
24.68	0.00637359
24.70	0.00709472
24.72	0.00799024
24.74	0.00908401
24.76	0.01037970
24.78	0.01185600
24.80	0.01346420
24.82	0.01513120
24.84	0.01676560
24.86	0.01826870
24.88	0.01954610
24.90	0.02052110
24.92	0.02114590
24.94	0.02140940
24.96	0.02134100
24.98	0.02100770
25.00	0.02050730
25.02	0.01995650
25.04	0.01947650
25.06	0.01917830
25.08	0.01914920
25.10	0.01944320
25.12	0.02007620
25.14	0.02102680
25.16	0.02224150
25.18	0.02364520
25.20	0.02515310
25.22	0.02668310
25.24	0.02816590
25.26	0.02955270
25.28	0.03081710
25.30	0.03195300
25.32	0.03296820
25.34	0.03387490
25.36	0.03468010
25.38	0.03537700
25.40	0.03593840
25.42	0.03631660
25.44	0.03644620
25.46	0.03625260
25.48	0.03566350
25.50	0.03462220
25.52	0.03309980
25.54	0.03110490
25.56	0.02868820
25.58	0.02594230
25.60	0.02299360
25.62	0.01999130
25.64	0.01709110
25.66	0.01443820
25.68	0.01215160
25.70	0.01031060
25.72	0.00894871
25.74	0.00805199
25.76	0.00756458
25.78	0.00739939
25.80	0.00745262
25.82	0.00761942
25.84	0.00780857
25.86	0.00795366
25.88	0.00801937
25.90	0.00800183
25.92	0.00792346
25.94	0.00782322
25.96	0.00774421
25.98	0.00772086
26.00	0.00776799
26.02	0.00787378
26.04	0.00799781
26.06	0.00807471
26.08	0.00802284
26.10	0.00775651
26.12	0.00719981
26.14	0.00629986
26.16	0.00503694
26.18	0.00343014
26.20	0.00153693
26.22	-0.00055272
26.24	-0.00272715
26.26	-0.00486757
26.28	-0.00686394
26.30	-0.00862937
26.32	-0.01011130
26.34	-0.01129810
26.36	-0.01222040
26.38	-0.01294530
26.40	-0.01356690
26.42	-0.01419330
26.44	-0.01493240
26.46	-0.01587790
26.48	-0.01709910
26.50	-0.01863400
26.52	-0.02048790
26.54	-0.02263640
26.56	-0.02503210
26.58	-0.02761400
26.60	-0.03031760
26.62	-0.03308420
26.64	-0.03586660
26.66	-0.03863270
26.68	-0.04136470
26.70	-0.04405510
26.72	-0.04670000
26.74	-0.04929120
26.76	-0.05180970
26.78	-0.05422020
26.80	-0.05646930
26.82	-0.05848630
26.84	-0.06018860
26.86	-0.06148940
26.88	-0.06230740
26.90	-0.06257600
26.92	-0.06225310
26.94	-0.06132630
26.96	-0.05981660
26.98	-0.05777750
27.00	-0.05529050
27.02	-0.05245730
27.04	-0.04939110
27.06	-0.04620650
27.08	-0.04301020
27.10	-0.03989300
27.12	-0.03692500
27.14	-0.03415370
27.16	-0.03160480
27.18	-0.02928490
27.20	-0.02718690
27.22	-0.02529540
27.24	-0.02359290
27.26	-0.02206440
27.28	-0.02070040
27.30	-0.01949930
27.32	-0.01846730
27.34	-0.01761710
27.36	-0.01696490
27.38	-0.01652740
27.40	-0.01631900
27.42	-0.01634780
27.44	-0.01661320
27.46	-0.01710410
27.48	-0.01779770
27.50	-0.01865920
27.52	-0.01964230
27.54	-0.02069150
27.56	-0.02174380
27.58	-0.02273240
27.60	-0.02359120
27.62	-0.02425910
27.64	-0.02468530
27.66	-0.02483440
27.68	-0.02469060
27.70	-0.02426090
27.72	-0.02357630
27.74	-0.02269170
27.76	-0.02168200
27.78	-0.02063690
27.80	-0.01965310
27.82	-0.01882630
27.84	-0.01824120
27.86	-0.01796330
27.88	-0.01803240
27.90	-0.01845880
27.92	-0.01922190
27.94	-0.02027340
27.96	-0.02154310
27.98	-0.02294670
28.00	-0.02439530
28.02	-0.02580470
28.04	-0.02710340
28.06	-0.02823730
28.08	-0.02917280
28.10	-0.02989500
28.12	-0.03040410
28.14	-0.03070820
28.16	-0.03081690
28.18	-0.03073420
28.20	-0.03045310
28.22	-0.02995430
28.24	-0.02920680
28.26	-0.02817290
28.28	-0.02681550
28.30	-0.02510690
28.32	-0.02303800
28.34	-0.02062560
28.36	-0.01791660
28.38	-0.01498830
28.40	-0.01194480
28.42	-0.00890886
28.44	-0.00600967
28.46	-0.00337072
28.48	-0.00109719
28.50	0.00073490
28.52	0.00208570
28.54	0.00295334
28.56	0.00337076
28.58	0.00339823
28.60	0.00311193
28.62	0.00259076
28.64	0.00190360
28.66	0.00109853
28.68	0.00019603
28.70	-0.00081309
28.72	-0.00196438
28.74	-0.00331176
28.76	-0.00491639
28.78	-0.00683395
28.80	-0.00910220
28.82	-0.01173070
28.84	-0.01469490
28.86	-0.01793490
28.88	-0.02135940
28.90	-0.02485280
28.92	-0.02828650
28.94	-0.03153180
28.96	-0.03447060
28.98	-0.03700470
29.00	-0.03906190
29.02	-0.04059760
29.04	-0.04159230
29.06	-0.04204600
29.08	-0.04197100
29.10	-0.04138480
29.12	-0.04030370
29.14	-0.03873980
29.16	-0.03670120
29.18	-0.03419510
29.20	-0.03123420
29.22	-0.02784470
29.24	-0.02407290
29.26	-0.01999120
29.28	-0.01569930
29.30	-0.01132200
29.32	-0.00700240
29.34	-0.00289058
29.36	0.00087093
29.38	0.00416145
29.40	0.00689538
29.42	0.00903294
29.44	0.01058560
29.46	0.01161500
29.48	0.01222630
29.50	0.01255630
29.52	0.01275730
29.54	0.01297990
29.56	0.01335550
29.58	0.01398240
29.60	0.01491660
29.62	0.01616750
29.64	0.01770050
29.66	0.01944430
29.68	0.02130270
29.70	0.02316820
29.72	0.02493540
29.74	0.02651310
29.76	0.02783300
29.78	0.02885370
29.80	0.02956050
29.82	0.02996160
29.84	0.03008150
29.86	0.02995370
29.88	0.02961280
29.90	0.02908980
29.92	0.02840880
29.94	0.02758740
29.96	0.02663920
29.98	0.02557870
30.00	0.02442600
30.02	0.02321140
30.04	0.02197710
30.06	0.02077770
30.08	0.01967610
30.10	0.01873730
30.12	0.01802140
30.14	0.01757420
30.16	0.01742080
30.18	0.01755980
30.20	0.01796180
30.22	0.01857180
30.24	0.01931420
30.26	0.02010190
30.28	0.02084660
30.30	0.02146910
30.32	0.02190800
30.34	0.02212660
30.36	0.02211460
30.38	0.02188740
30.40	0.02148070
30.42	0.02094330
30.44	0.02032770
30.46	0.01968220
30.48	0.01904350
30.50	0.01843320
30.52	0.01785680
30.54	0.01730660
30.56	0.01676770
30.58	0.01622470
30.60	0.01566930
30.62	0.01510640
30.64	0.01455790
30.66	0.01406330
30.68	0.01367620
30.70	0.01345870
30.72	0.01347340
30.74	0.01377410
30.76	0.01439780
30.78	0.01535900
30.80	0.01664640
30.82	0.01822340
30.84	0.02003210
30.86	0.02200060
30.88	0.02405070
30.90	0.02610640
30.92	0.02810150
30.94	0.02998470
30.96	0.03172130
30.98	0.03329180
31.00	0.03468880
31.02	0.03591110
31.04	0.03695820
31.06	0.03782520
31.08	0.03849980
31.10	0.03896290
31.12	0.03919070
31.14	0.03916070
31.16	0.03885790
31.18	0.03828230
31.20	0.03745360
31.22	0.03641490
31.24	0.03523110
31.26	0.03398440
31.28	0.03276530
31.30	0.03166250
31.32	0.03075040
31.34	0.03007830
31.36	0.02966240
31.38	0.02948220
31.40	0.02948180
31.42	0.02957670
31.44	0.02966530
31.46	0.02964330
31.48	0.02941910
31.50	0.02892780
31.52	0.02814250
31.54	0.02707930
31.56	0.02579700
31.58	0.02439070
31.60	0.02297950
31.62	0.02169150
31.64	0.02064650
31.66	0.01994090
31.68	0.01963510
31.70	0.01974640
31.72	0.02024800
31.74	0.02107400
31.76	0.02212980
31.78	0.02330540
31.80	0.02449110
31.82	0.02559060
31.84	0.02653290
31.86	0.02727780
31.88	0.02781700
31.90	0.02816970
31.92	0.02837380
31.94	0.02847440
31.96	0.02851240
31.98	0.02851360
32.00	0.02848180
32.02	0.02839630
32.04	0.02821350
32.06	0.02787420
32.08	0.02731220
32.10	0.02646630
32.12	0.02529030
32.14	0.02376120
32.16	0.02188360
32.18	0.01968990
32.20	0.01723550
32.22	0.01459000
32.24	0.01182740
32.26	0.00901587
32.28	0.00620764
32.30	0.00343358
32.32	0.00070143
32.34	-0.00200101
32.36	-0.00469869
32.38	-0.00741867
32.40	-0.01017930
32.42	-0.01297910
32.44	-0.01578760
32.46	-0.01854310
32.48	-0.02115310
32.50	-0.02350160
32.52	-0.02546000
32.54	-0.02690220
32.56	-0.02772040
32.58	-0.02783900
32.60	-0.02722710
32.62	-0.02590460
32.64	-0.02394360
32.66	-0.02146290
32.68	-0.01861720
32.70	-0.01558310
32.72	-0.01254090
32.74	-0.00965801
32.76	-0.00707461
32.78	-0.00489114
32.80	-0.00316198
32.82	-0.00189414
32.84	-0.00105117
32.86	-0.00056126
32.88	-0.00032848
32.90	-0.00024531
32.92	-0.00020530
32.94	-0.00011407
32.96	0.00010211
32.98	0.00049082
33.00	0.00107116
33.02	0.00183446
33.04	0.00274720
33.06	0.00375610
33.08	0.00479369
33.10	0.00578424
33.12	0.00664999
33.14	0.00731659
33.16	0.00771808
33.18	0.00780102
33.20	0.00752812
33.22	0.00688080
33.24	0.00586085
33.26	0.00449127
33.28	0.00281538
33.30	0.00089447
33.32	-0.00119609
33.34	-0.00337234
33.36	-0.00554833
33.38	-0.00764309
33.40	-0.00958837
33.42	-0.01133410
33.44	-0.01285210
33.46	-0.01413870
33.48	-0.01521280
33.50	-0.01611210
33.52	-0.01688660
33.54	-0.01759040
33.56	-0.01827370
33.58	-0.01897490
33.60	-0.01971470
33.62	-0.02049400
33.64	-0.02129430
33.66	-0.02208200
33.68	-0.02281510
33.70	-0.02345180
33.72	-0.02396020
33.74	-0.02432500
33.76	-0.02455340
33.78	-0.02467660
33.80	-0.02474670
33.82	-0.02483100
33.84	-0.02500130
33.86	-0.02532270
33.88	-0.02584190
33.90	-0.02657700
33.92	-0.02751050
33.94	-0.02858740
33.96	-0.02971840
33.98	-0.03078720
34.00	-0.03166360
34.02	-0.03221770
34.04	-0.03233550
34.06	-0.03193350
34.08	-0.03096860
34.10	-0.02944560
34.12	-0.02741650
34.14	-0.02497670
34.16	-0.02225410
34.18	-0.01939630
34.20	-0.01655550
34.22	-0.01387280
34.24	-0.01146610
34.26	-0.00942123
34.28	-0.00778688
34.30	-0.00657478
34.32	-0.00576440
34.34	-0.00531086
34.36	-0.00515475
34.38	-0.00523241
34.40	-0.00548501
34.42	-0.00586552
34.44	-0.00634233
34.46	-0.00690002
34.48	-0.00753704
34.50	-0.00826140
34.52	-0.00908517
34.54	-0.01001900
34.56	-0.01106780
34.58	-0.01222780
34.60	-0.01348590
34.62	-0.01482030
34.64	-0.01620400
34.66	-0.01760770
34.68	-0.01900370
34.70	-0.02036860
34.72	-0.02168560
34.74	-0.02294450
34.76	-0.02414040
34.78	-0.02527200
34.80	-0.02633880
34.82	-0.02733840
34.84	-0.02826460
34.86	-0.02910690
34.88	-0.02985070
34.90	-0.03047920
34.92	-0.03097630
34.94	-0.03132900
34.96	-0.03153070
34.98	-0.03158280
35.00	-0.03149550
35.02	-0.03128700
35.04	-0.03098150
35.06	-0.03060590
35.08	-0.03018680
35.10	-0.02974740
35.12	-0.02930470
35.14	-0.02886940
35.16	-0.02844630
35.18	-0.02803630
35.20	-0.02763960
35.22	-0.02725970
35.24	-0.02690600
35.26	-0.02659640
35.28	-0.02635750
35.30	-0.02622320
35.32	-0.02623060
35.34	-0.02641530
35.36	-0.02680520
35.38	-0.02741420
35.40	-0.02823750
35.42	-0.02924890
35.44	-0.03039950
35.46	-0.03162090
35.48	-0.03283050
35.50	-0.03393830
35.52	-0.03485620
35.54	-0.03550660
35.56	-0.03583030
35.58	-0.03579200
35.60	-0.03538360
35.62	-0.03462350
35.64	-0.03355300
35.66	-0.03223070
35.68	-0.03072380
35.70	-0.02910010
35.72	-0.02741900
35.74	-0.02572510
35.76	-0.02404410
35.78	-0.02238010
35.80	-0.02071710
35.82	-0.01902210
35.84	-0.01725040
35.86	-0.01535200
35.88	-0.01327810
35.90	-0.01098650
35.92	-0.00844728
35.94	-0.00564590
35.96	-0.00258506
35.98	0.00071514
36.00	0.00421793
36.02	0.00787169
36.04	0.01161190
36.06	0.01536470
36.08	0.01904920
36.10	0.02257970
36.12	0.02586970
36.14	0.02883550
36.16	0.03140000
36.18	0.03349670
36.20	0.03507480
36.22	0.03610310
36.24	0.03657340
36.26	0.03650280
36.28	0.03593460
36.30	0.03493610
36.32	0.03359530
36.34	0.03201410
36.36	0.03030120
36.38	0.02856320
36.40	0.02689510
36.42	0.02537330
36.44	0.02404930
36.46	0.02294650
36.48	0.02205990
36.50	0.02135880
36.52	0.02079270
36.54	0.02029820
36.56	0.01980790
36.58	0.01925870
36.60	0.01859830
36.62	0.01779100
36.64	0.01681920
36.66	0.01568360
36.68	0.01440050
36.70	0.01299680
36.72	0.01150460
36.74	0.00995616
36.76	0.00837919
36.78	0.00679427
36.80	0.00521401
36.82	0.00364455
36.84	0.00208860
36.86	0.00054968
36.88	-0.00096332
36.90	-0.00243275
36.92	-0.00382942
36.94	-0.00511169
36.96	-0.00622737
36.98	-0.00711697
37.00	-0.00771858
37.02	-0.00797368
37.04	-0.00783292
37.06	-0.00726130
37.08	-0.00624183
37.10	-0.00477800
37.12	-0.00289389
37.14	-0.00063292
37.16	0.00194490
37.18	0.00476648
37.20	0.00774934
37.22	0.01080630
37.24	0.01384820
37.26	0.01678690
37.28	0.01953780
37.30	0.02202270
37.32	0.02417200
37.34	0.02592690
37.36	0.02724270
37.38	0.02809170
37.40	0.02846630
37.42	0.02838100
37.44	0.02787400
37.46	0.02700650
37.48	0.02586080
37.50	0.02453470
37.52	0.02313540
37.54	0.02177070
37.56	0.02053970
37.58	0.01952400
37.60	0.01878020
37.62	0.01833490
37.64	0.01818260
37.66	0.01828760
37.68	0.01858940
37.70	0.01901110
37.72	0.01946970
37.74	0.01988710
37.76	0.02020000
37.78	0.02036830
37.80	0.02037910
37.82	0.02024800
37.84	0.02001560
37.86	0.01974030
37.88	0.01948940
37.90	0.01932870
37.92	0.01931160
37.94	0.01947170
37.96	0.01981690
37.98	0.02032730
38.00	0.02095820
38.02	0.02164460
38.04	0.02230990
38.06	0.02287490
38.08	0.02326720
38.10	0.02342880
38.12	0.02332210
38.14	0.02293210
38.16	0.02226600
38.18	0.02135050
38.20	0.02022580
38.22	0.01894040
38.24	0.01754430
38.26	0.01608490
38.28	0.01460370
38.30	0.01313450
38.32	0.01170510
38.34	0.01033840
38.36	0.00905610
38.38	0.00788070
38.40	0.00683742
38.42	0.00595483
38.44	0.00526323
38.46	0.00479199
38.48	0.00456589
38.50	0.00460132
38.52	0.00490304
38.54	0.00546234
38.56	0.00625741
38.58	0.00725562
38.60	0.00841747
38.62	0.00970234
38.64	0.01107430
38.66	0.01250720
38.68	0.01398830
38.70	0.01551900
38.72	0.01711380
38.74	0.01879470
38.76	0.02058470
38.78	0.02250010
38.80	0.02454210
38.82	0.02669090
38.84	0.02890130
38.86	0.03110310
38.88	0.03320440
38.90	0.03509940
38.92	0.03667760
38.94	0.03783650
38.96	0.03849270
38.98	0.03859240
39.00	0.03811810
39.02	0.03709160
39.04	0.03557250
39.06	0.03365170
39.08	0.03144210
39.10	0.02906730
39.12	0.02664860
39.14	0.02429390
39.16	0.02208870
39.18	0.02009050
39.20	0.01832770
39.22	0.01680120
39.24	0.01549060
39.26	0.01436190
39.28	0.01337520
39.30	0.01249260
39.32	0.01168370
39.34	0.01092880
39.36	0.01021890
39.38	0.00955302
39.40	0.00893395
39.42	0.00836278
39.44	0.00783361
39.46	0.00732974
39.48	0.00682210
39.50	0.00627014
39.52	0.00562542
39.54	0.00483736
39.56	0.00385983
39.58	0.00265827
39.60	0.00121600
39.62	-0.00046192
39.64	-0.00234699
39.66	-0.00438863
39.68	-0.00651799
39.70	-0.00865385
39.72	-0.01071040
39.74	-0.01260460
39.76	-0.01426200
39.78	-0.01562390
39.80	-0.01664930
39.82	-0.01731760
39.84	-0.01762730
39.86	-0.01759480
39.88	-0.01725110
39.90	-0.01663960
39.92	-0.01581270
39.94	-0.01483050
39.96	-0.01375870
39.98	-0.01266750
40.00	-0.01163070
40.02	-0.01072360
40.04	-0.01002090
40.06	-0.00959248
40.08	-0.00949927
40.10	-0.00978756
40.12	-0.01048350
40.14	-0.01158860
40.16	-0.01307620
40.18	-0.01489080
40.20	-0.01695040
40.22	-0.01915120
40.24	-0.02137590
40.26	-0.02350250
40.28	-0.02541560
40.30	-0.02701620
40.32	-0.02823040
40.34	-0.02901470
40.36	-0.02935800
40.38	-0.02928020
40.40	-0.02882600
40.42	-0.02805730
40.44	-0.02704340
40.46	-0.02585120
40.48	-0.02453690
40.50	-0.02314010
40.52	-0.02168120
40.54	-0.02016340
40.56	-0.01857600
40.58	-0.01690220
40.60	-0.01512720
40.62	-0.01324640
40.64	-0.01127150
40.66	-0.00923429
40.68	-0.00718731
40.70	-0.00520057
40.72	-0.00335484
40.74	-0.00173378
40.76	-0.00041498
40.78	0.00053917
40.80	0.00108811
40.82	0.00121700
40.84	0.00093727
40.86	0.00028383
40.88	-0.00069077
40.90	-0.00192384
40.92	-0.00335030
40.94	-0.00491034
40.96	-0.00655477
40.98	-0.00824797
41.00	-0.00996775
41.02	-0.01170260
41.04	-0.01344670
41.06	-0.01519450
41.08	-0.01693520
41.10	-0.01864760
41.12	-0.02029920
41.14	-0.02184630
41.16	-0.02323790
41.18	-0.02442110
41.20	-0.02534810
41.22	-0.02598390
41.24	-0.02631160
41.26	-0.02633670
41.28	-0.02608790
41.30	-0.02561520
41.32	-0.02498440
41.34	-0.02426980
41.36	-0.02354590
41.38	-0.02287840
41.40	-0.02231710
41.42	-0.02189160
41.44	-0.02160890
41.46	-0.02145510
41.48	-0.02139920
41.50	-0.02140000
41.52	-0.02141270
41.54	-0.02139670
41.56	-0.02132140
41.58	-0.02116960
41.60	-0.02093910
41.62	-0.02064130
41.64	-0.02029730
41.66	-0.01993290
41.68	-0.01957320
41.70	-0.01923720
41.72	-0.01893470
41.74	-0.01866390
41.76	-0.01841270
41.78	-0.01816110
41.80	-0.01788500
41.82	-0.01756110
41.84	-0.01717150
41.86	-0.01670740
41.88	-0.01617050
41.90	-0.01557320
41.92	-0.01493670
41.94	-0.01428720
41.96	-0.01365200
41.98	-0.01305490
42.00	-0.01251300
42.02	-0.01203440
42.04	-0.01161860
42.06	-0.01125760
42.08	-0.01093950
42.10	-0.01065230
42.12	-0.01038850
42.14	-0.01014770
42.16	-0.00993900
42.18	-0.00978077
42.20	-0.00969830
42.22	-0.00971988
42.24	-0.00987169
42.26	-0.01017220
42.28	-0.01062740
42.30	-0.01122710
42.32	-0.01194430
42.34	-0.01273610
42.36	-0.01354760
42.38	-0.01431800
42.40	-0.01498760
42.42	-0.01550470
42.44	-0.01583210
42.46	-0.01595160
42.48	-0.01586620
42.50	-0.01559890
42.52	-0.01518940
42.54	-0.01468870
42.56	-0.01415180
42.58	-0.01363040
42.60	-0.01316730
42.62	-0.01279090
42.64	-0.01251310
42.66	-0.01232960
42.68	-0.01222230
42.70	-0.01216350
42.72	-0.01212180
42.74	-0.01206730
42.76	-0.01197680
42.78	-0.01183680
42.80	-0.01164550
42.82	-0.01141170
42.84	-0.01115230
42.86	-0.01088870
42.88	-0.01064210
42.90	-0.01042890
42.92	-0.01025750
42.94	-0.01012570
42.96	-0.01002000
42.98	-0.00991677
43.00	-0.00978455
43.02	-0.00958721
43.04	-0.00928775
43.06	-0.00885178
43.08	-0.00825041
43.10	-0.00746246
43.12	-0.00647553
43.14	-0.00528632
43.16	-0.00390042
43.18	-0.00233185
43.20	-0.00060285
43.22	0.00125677
43.24	0.00320917
43.26	0.00520773
43.28	0.00719742
43.30	0.00911504
43.32	0.01089050
43.34	0.01244940
43.36	0.01371700
43.38	0.01462410
43.40	0.01511220
43.42	0.01514080
43.44	0.01469320
43.46	0.01378090
43.48	0.01244660
43.50	0.01076300
43.52	0.00883048
43.54	0.00677022
43.56	0.00471531
43.58	0.00280078
43.60	0.00115326
43.62	-0.00011975
43.64	-0.00093787
43.66	-0.00125335
43.68	-0.00105329
43.70	-0.00035838
43.72	0.00078178
43.74	0.00229579
43.76	0.00409863
43.78	0.00610108
43.80	0.00821805
43.82	0.01037540
43.84	0.01251430
43.86	0.01459340
43.88	0.01658820
43.90	0.01848840
43.92	0.02029310
43.94	0.02200640
43.96	0.02363240
43.98	0.02517160
44.00	0.02661770
44.02	0.02795700
44.04	0.02916830
44.06	0.03022530
44.08	0.03109890
44.10	0.03175950
44.12	0.03218080
44.14	0.03234170
44.16	0.03222800
44.18	0.03183370
44.20	0.03116080
44.22	0.03021920
44.24	0.02902650
44.26	0.02760710
44.28	0.02599210
44.30	0.02421850
44.32	0.02232930
44.34	0.02037210
44.36	0.01839890
44.38	0.01646370
44.40	0.01462050
44.42	0.01292090
44.44	0.01141060
44.46	0.01012560
44.48	0.00908977
44.50	0.00831277
44.52	0.00778898
44.54	0.00749824
44.56	0.00740835
44.58	0.00747869
44.60	0.00766496
44.62	0.00792441
44.64	0.00822083
44.66	0.00852865
44.68	0.00883543
44.70	0.00914263
44.72	0.00946430
44.74	0.00982400
44.76	0.01025020
44.78	0.01077120
44.80	0.01141010
44.82	0.01218050
44.84	0.01308350
44.86	0.01410670
44.88	0.01522560
44.90	0.01640600
44.92	0.01760740
44.94	0.01878830
44.96	0.01991040
44.98	0.02094200
45.00	0.02186040
45.02	0.02265240
45.04	0.02331330
45.06	0.02384440
45.08	0.02424940
45.10	0.02453160
45.12	0.02469060
45.14	0.02472050
45.16	0.02460980
45.18	0.02434320
45.20	0.02390370
45.22	0.02327700
45.24	0.02245570
45.26	0.02144310
45.28	0.02025600
45.30	0.01892580
45.32	0.01749730
45.34	0.01602650
45.36	0.01457570
45.38	0.01320770
45.40	0.01198020
45.42	0.01094080
45.44	0.01012200
45.46	0.00953923
45.48	0.00919042
45.50	0.00905749
45.52	0.00910974
45.54	0.00930828
45.56	0.00961090
45.58	0.00997652
45.60	0.01036880
45.62	0.01075810
45.64	0.01112240
45.66	0.01144610
45.68	0.01171770
45.70	0.01192780
45.72	0.01206580
45.74	0.01211860
45.76	0.01206910
45.78	0.01189720
45.80	0.01158190
45.82	0.01110380
45.84	0.01044930
45.86	0.00961465
45.88	0.00860820
45.90	0.00745304
45.92	0.00618743
45.94	0.00486309
45.96	0.00354220
45.98	0.00229286
46.00	0.00118376
46.02	0.00027863
46.04	-0.00036922
46.06	-0.00072075
46.08	-0.00075396
46.10	-0.00046524
46.12	0.00013120
46.14	0.00100525
46.16	0.00211381
46.18	0.00340443
46.20	0.00481888
46.22	0.00629719
46.24	0.00778048
46.26	0.00921316
46.28	0.01054530
46.30	0.01173370
46.32	0.01274340
46.34	0.01354800
46.36	0.01413060
46.38	0.01448480
46.40	0.01461440
46.42	0.01453450
46.44	0.01427060
46.46	0.01385770
46.48	0.01333870
46.50	0.01276140
46.52	0.01217520
46.54	0.01162670
46.56	0.01115570
46.58	0.01079160
46.60	0.01054940
46.62	0.01042830
46.64	0.01041050
46.66	0.01046270
46.68	0.01053810
46.70	0.01058080
46.72	0.01052980
46.74	0.01032480
46.76	0.00991107
46.78	0.00924368
46.80	0.00829136
46.82	0.00703852
46.84	0.00548629
46.86	0.00365236
46.88	0.00156907
46.90	-0.00071846
46.92	-0.00315446
46.94	-0.00567599
46.96	-0.00821556
46.98	-0.01070390
47.00	-0.01307260
47.02	-0.01525630
47.04	-0.01719580
47.06	-0.01883980
47.08	-0.02014730
47.10	-0.02108990
47.12	-0.02165400
47.14	-0.02184180
47.16	-0.02167220
47.18	-0.02117990
47.20	-0.02041470
47.22	-0.01943750
47.24	-0.01831740
47.26	-0.01712690
47.28	-0.01593660
47.30	-0.01481100
47.32	-0.01380370
47.34	-0.01295500
47.36	-0.01229040
47.38	-0.01182050
47.40	-0.01154290
47.42	-0.01144530
47.44	-0.01150890
47.46	-0.01171240
47.48	-0.01203570
47.50	-0.01246220
47.52	-0.01298010
47.54	-0.01358260
47.56	-0.01426650
47.58	-0.01502910
47.60	-0.01586610
47.62	-0.01676840
47.64	-0.01771990
47.66	-0.01869650
47.68	-0.01966610
47.70	-0.02059060
47.72	-0.02142910
47.74	-0.02214130
47.76	-0.02269200
47.78	-0.02305490
47.80	-0.02321590
47.82	-0.02317480
47.84	-0.02294560
47.86	-0.02255540
47.88	-0.02204170
47.90	-0.02144850
47.92	-0.02082290
47.94	-0.02021080
47.96	-0.01965360
47.98	-0.01918550
48.00	-0.01883240
48.02	-0.01861110
48.04	-0.01853030
48.06	-0.01859080
48.08	-0.01878780
48.10	-0.01911090
48.12	-0.01954570
48.14	-0.02007350
48.16	-0.02067180
48.18	-0.02131380
48.20	-0.02196820
48.22	-0.02260010
48.24	-0.02317200
48.26	-0.02364540
48.28	-0.02398350
48.30	-0.02415490
48.32	-0.02413630
48.34	-0.02391570
48.36	-0.02349450
48.38	-0.02288760
48.40	-0.02212310
48.42	-0.02123970
48.44	-0.02028220
48.46	-0.01929760
48.48	-0.01832910
48.50	-0.01741230
48.52	-0.01657110
48.54	-0.01581640
48.56	-0.01514600
48.58	-0.01454720
48.60	-0.01400040
48.62	-0.01348380
48.64	-0.01297830
48.66	-0.01247200
48.68	-0.01196280
48.70	-0.01145970
48.72	-0.01098070
48.74	-0.01055020
48.76	-0.01019400
48.78	-0.00993360
48.80	-0.00978077
48.82	-0.00973378
48.84	-0.00977523
48.86	-0.00987252
48.88	-0.00998107
48.90	-0.01004980
48.92	-0.01002790
48.94	-0.00987299
48.96	-0.00955745
48.98	-0.00907406
49.00	-0.00843842
49.02	-0.00768837
49.04	-0.00687987
49.06	-0.00608046
49.08	-0.00536076
49.10	-0.00478485
49.12	-0.00440166
49.14	-0.00423803
49.16	-0.00429486
49.18	-0.00454660
49.20	-0.00494447
49.22	-0.00542282
49.24	-0.00590771
49.26	-0.00632625
49.28	-0.00661591
49.30	-0.00673193
49.32	-0.00665197
49.34	-0.00637750
49.36	-0.00593177
49.38	-0.00535463
49.40	-0.00469542
49.42	-0.00400514
49.44	-0.00332866
49.46	-0.00269876
49.48	-0.00213273
49.50	-0.00163190
49.52	-0.00118426
49.54	-0.00076936
49.56	-0.00036500
49.58	0.00004582
49.60	0.00046897
49.62	0.00089513
49.64	0.00129851
49.66	0.00163871
49.68	0.00186548
49.70	0.00192571
49.72	0.00177173
49.74	0.00136934
49.76	0.00070481
49.78	-0.00021075
49.80	-0.00134015
49.82	-0.00262239
49.84	-0.00397820
49.86	-0.00531807
49.88	-0.00655231
49.90	-0.00760070
49.92	-0.00840116
49.94	-0.00891684
49.96	-0.00913963
49.98	-0.00909044
50.00	-0.00881598