0.0000000	0.0000000
0.020000000	343.41367
0.040000000	343.58324
0.060000000	344.06271
0.080000000	344.03682
0.10000000	343.95412
0.12000000	345.74247
0.14000000	347.40241
0.16000000	349.03157
0.18000000	351.62745
0.20000000	354.88869
0.22000000	358.10349
0.24000000	362.46043
0.26000000	369.04367
0.28000000	376.52961
0.30000000	386.89209
0.32000000	410.29166
0.34000000	482.71497
0.36000000	650.95677
0.38000000	956.22499
0.40000000	1329.2976
0.42000000	1645.5684
0.44000000	1909.7016
0.46000000	2149.6293
0.48000000	2338.0384
0.50000000	2507.1285
0.52000000	2653.8123
0.54000000	2772.3684
0.56000000	2869.6403
0.58000000	2950.2287
0.60000000	3011.3226
0.62000000	3056.9928
0.64000000	3092.8585
0.66000000	3113.5541
0.68000000	3126.5888
0.70000000	3130.9242
0.72000000	3126.9118
0.74000000	3117.6959
0.76000000	3102.8193
0.78000000	3083.9482
0.80000000	3064.2209
0.82000000	3042.3134
0.84000000	3016.3514
0.86000000	2988.8315
0.88000000	2964.1119
0.90000000	2939.7307
0.92000000	2912.4737
0.94000000	2887.9214
0.96000000	2862.1459
0.98000000	2835.6595
1.0000000	2810.7238
1.0200000	2787.8593
1.0400000	2764.3664
1.0600000	2742.8810
1.0800000	2724.3112
1.1000000	2707.0262
1.1200000	2689.6839
1.1400000	2670.6965
1.1600000	2648.6513
1.1800000	2625.0915
1.2000000	2605.1768
1.2200000	2586.9063
1.2400000	2571.2969
1.2600000	2559.5738
1.2800000	2548.4140
1.3000000	2537.1406
1.3200000	2525.8991
1.3400000	2516.5112
1.3600000	2508.0661
1.3800000	2502.0798
1.4000000	2498.1671
1.4200000	2494.2925
1.4400000	2491.1831
1.4600000	2489.4998
1.4800000	2489.9584
1.5000000	2492.8355
1.5200000	2496.2750
1.5400000	2500.5115
1.5600000	2506.6643
1.5800000	2514.9514
1.6000000	2525.5888
1.6200000	2538.5843
1.6400000	2553.5646
1.6600000	2568.7473
1.6800000	2585.0927
1.7000000	2605.1284
1.7200000	2629.4799
1.7400000	2656.1921
1.7600000	2685.8662
1.7800000	2720.4785
1.8000000	2756.6567
1.8200000	2795.5342
1.8400000	2836.1890
1.8600000	2876.6208
1.8800000	2913.9359
1.9000000	2953.3469
1.9200000	2995.8386
1.9400000	3039.9473
1.9600000	3087.9735
1.9800000	3137.5538
2.0000000	3186.1217
2.0200000	3234.0046
2.0400000	3283.1348
2.0600000	3330.9360
2.0800000	3377.1483
2.1000000	3421.7557
2.1200000	3464.4479
2.1400000	3504.5426
2.1600000	3540.0267
2.1800000	3566.4995
2.2000000	3582.7192
2.2200000	3593.2189
2.2400000	3598.9670
2.2600000	3599.3122
2.2800000	3594.4645
2.3000000	3583.5594
2.3200000	3568.6597
2.3400000	3549.1253
2.3600000	3523.7296
2.3800000	3493.7155
2.4000000	3461.1197
2.4200000	3425.1665
2.4400000	3384.2157
2.4600000	3339.5439
2.4800000	3293.5296
2.5000000	3244.8219
2.5200000	3197.9553
2.5400000	3152.7346
2.5600000	3107.3355
2.5800000	3061.4807
2.6000000	3016.6342
2.6200000	2973.0361
2.6400000	2930.5890
2.6600000	2891.5321
2.6800000	2855.5516
2.7000000	2822.3796
2.7200000	2793.5634
2.7400000	2770.7491
2.7600000	2756.0366
2.7800000	2751.0256
2.8000000	2766.4050
2.8200000	2831.7259
2.8400000	3056.1485
2.8600000	3726.5877
2.8800000	5351.5422
2.9000000	8646.5851
2.9200000	14073.810
2.9400000	20556.051
2.9600000	22358.768
2.9800000	17093.301
3.0000000	10526.132
3.0200000	6245.0080
3.0400000	3936.5401
3.0600000	2935.1214
3.0800000	2546.7761
3.1000000	2383.9775
3.1200000	2301.9635
3.1400000	2248.7713
3.1600000	2207.6666
3.1800000	2174.2667
3.2000000	2145.5121
3.2200000	2119.5461
3.2400000	2095.2296
3.2600000	2072.8516
3.2800000	2052.2576
3.3000000	2033.3467
3.3200000	2015.7075
3.3400000	1999.1744
3.3600000	1983.3878
3.3800000	1968.0164
3.4000000	1953.8071
3.4200000	1939.5579
3.4400000	1925.9653
3.4600000	1913.4189
3.4800000	1901.7312
3.5000000	1890.0159
3.5200000	1879.0927
3.5400000	1868.9092
3.5600000	1858.6516
3.5800000	1848.2032
3.6000000	1837.3328
3.6200000	1826.1617
3.6400000	1815.6562
3.6600000	1806.2542
3.6800000	1796.9959
3.7000000	1788.6890
3.7200000	1780.2693
3.7400000	1771.5966
3.7600000	1762.7157
3.7800000	1754.7550
3.8000000	1747.5645
3.8200000	1740.8548
3.8400000	1734.6672
3.8600000	1729.3182
3.8800000	1723.0661
3.9000000	1715.5725
3.9200000	1707.7340
3.9400000	1700.5914
3.9600000	1694.2825
3.9800000	1689.3838
4.0000000	1685.7711
4.0200000	1682.2650
4.0400000	1679.5061
4.0600000	1677.7860
4.0800000	1677.3999
4.1000000	1678.2008
4.1200000	1679.6477
4.1400000	1681.5192
4.1600000	1684.1393
4.1800000	1687.4037
4.2000000	1691.2448
4.2200000	1695.3949
4.2400000	1700.1915
4.2600000	1705.4040
4.2800000	1710.3439
4.3000000	1715.0266
4.3200000	1720.5884
4.3400000	1726.7154
4.3600000	1732.7139
4.3800000	1738.8748
4.4000000	1745.4590
4.4200000	1751.5143
4.4400000	1756.4798
4.4600000	1760.7636
4.4800000	1765.4986
4.5000000	1771.3729
4.5200000	1778.1243
4.5400000	1786.5516
4.5600000	1797.4874
4.5800000	1811.7631
4.6000000	1827.6622
4.6200000	1842.9557
4.6400000	1859.0721
4.6600000	1883.9108
4.6800000	1931.4954
4.7000000	2040.1484
4.7200000	2324.4323
4.7400000	3083.8570
4.7600000	4743.4672
4.7800000	7724.6306
4.8000000	12077.217
4.8200000	15511.897
4.8400000	14471.283
4.8600000	10079.590
4.8800000	6143.4207
4.9000000	3804.3085
4.9200000	2646.1784
4.9400000	2165.3871
4.9600000	1989.3327
4.9800000	1917.4433
5.0000000	1880.2950
5.0200000	1857.3449
5.0400000	1841.2644
5.0600000	1828.3972
5.0800000	1817.7466
5.1000000	1808.0611
5.1200000	1799.2348
5.1400000	1792.0927
5.1600000	1786.2818
5.1800000	1781.4462
5.2000000	1776.6937
5.2200000	1772.3030
5.2400000	1768.8909
5.2600000	1766.5045
5.2800000	1765.0799
5.3000000	1764.2998
5.3200000	1763.7060
5.3400000	1763.9233
5.3600000	1764.8490
5.3800000	1766.7680
5.4000000	1769.2105
5.4200000	1772.3164
5.4400000	1776.5301
5.4600000	1783.2693
5.4800000	1794.3830
5.5000000	1813.2443
5.5200000	1850.3818
5.5400000	1940.0685
5.5600000	2192.9674
5.5800000	2797.9949
5.6000000	4051.1477
5.6200000	6187.3906
5.6400000	8850.5037
5.6600000	10160.067
5.6800000	8654.7671
5.7000000	5935.5680
5.7200000	3866.0162
5.7400000	2695.7539
5.7600000	2143.9622
5.7800000	1930.1474
5.8000000	1844.7214
5.8200000	1810.1000
5.8400000	1792.8840
5.8600000	1782.8333
5.8800000	1776.3806
5.9000000	1771.9171
5.9200000	1768.5634
5.9400000	1765.4641
5.9600000	1762.7387
5.9800000	1760.7976
6.0000000	1759.2371
6.0200000	1758.1450
6.0400000	1757.4821
6.0600000	1756.9212
6.0800000	1756.5624
6.1000000	1757.0009
6.1200000	1757.4528
6.1400000	1758.1291
6.1600000	1759.4821
6.1800000	1760.7313
6.2000000	1761.6834
6.2200000	1762.8881
6.2400000	1763.6688
6.2600000	1764.5149
6.2800000	1765.0239
6.3000000	1765.4443
6.3200000	1765.8613
6.3400000	1766.0176
6.3600000	1766.6137
6.3800000	1767.1223
6.4000000	1767.8902
6.4200000	1768.9523
6.4400000	1769.8887
6.4600000	1770.5409
6.4800000	1771.2559
6.5000000	1772.1387
6.5200000	1772.7433
6.5400000	1773.3583
6.5600000	1774.2112
6.5800000	1775.0934
6.6000000	1776.0932
6.6200000	1777.8508
6.6400000	1780.6569
6.6600000	1784.9672
6.6800000	1793.2130
6.7000000	1812.6881
6.7200000	1864.5733
6.7400000	1992.7540
6.7600000	2283.1848
6.7800000	2796.7537
6.8000000	3523.1456
6.8200000	4072.4132
6.8400000	3935.4469
6.8600000	3246.6268
6.8800000	2571.6532
6.9000000	2140.3643
6.9200000	1927.9697
6.9400000	1835.0779
6.9600000	1798.5657
6.9800000	1784.2010
7.0000000	1777.1160
7.0200000	1773.1134
7.0400000	1770.6730
7.0600000	1769.4326
7.0800000	1768.9649
7.1000000	1769.0386
7.1200000	1769.4094
7.1400000	1770.3629
7.1600000	1771.9163
7.1800000	1773.7132
7.2000000	1775.9049
7.2200000	1778.9816
7.2400000	1783.2651
7.2600000	1789.2768
7.2800000	1798.9201
7.3000000	1816.7564
7.3200000	1860.5924
7.3400000	1975.2244
7.3600000	2246.6346
7.3800000	2814.0580
7.4000000	3748.6436
7.4200000	4867.1052
7.4400000	5402.9599
7.4600000	4836.6577
7.4800000	3702.3353
7.5000000	2775.2988
7.5200000	2229.2496
7.5400000	1973.4258
7.5600000	1864.8025
7.5800000	1821.1524
7.6000000	1802.3006
7.6200000	1791.5584
7.6400000	1784.5176
7.6600000	1779.0616
7.6800000	1774.2992
7.7000000	1769.6808
7.7200000	1764.5780
7.7400000	1759.1084
7.7600000	1753.2336
7.7800000	1746.9535
7.8000000	1740.6319
7.8200000	1734.3839
7.8400000	1728.2749
7.8600000	1721.7809
7.8800000	1715.3137
7.9000000	1709.0071
7.9200000	1702.3334
7.9400000	1695.3253
7.9600000	1688.7852
7.9800000	1682.5741
8.0000000	1676.1674
8.0200000	1669.7290
8.0400000	1663.6698
8.0600000	1657.8178
8.0800000	1652.3208
8.1000000	1647.1765
8.1200000	1642.8945
8.1400000	1639.8537
8.1600000	1638.3848
8.1800000	1639.4069
8.2000000	1644.6057
8.2200000	1660.0029
8.2400000	1704.0585
8.2600000	1828.4776
8.2800000	2143.6075
8.3000000	2803.0842
8.3200000	3941.5469
8.3400000	5371.6754
8.3600000	6205.6738
8.3800000	5718.0543
8.4000000	4332.9571
8.4200000	3038.0285
8.4400000	2248.6664
8.4600000	1850.6374
8.4800000	1678.2628
8.5000000	1606.7747
8.5200000	1575.1319
8.5400000	1556.9544
8.5600000	1545.0392
8.5800000	1536.2854
8.6000000	1529.3796
8.6200000	1523.7958
8.6400000	1519.6158
8.6600000	1516.7383
8.6800000	1515.2968
8.7000000	1516.0436
8.7200000	1520.7875
8.7400000	1535.3628
8.7600000	1578.7437
8.7800000	1696.1663
8.8000000	1963.1572
8.8200000	2461.7995
8.8400000	3181.2135
8.8600000	3800.0805
8.8800000	3840.5059
8.9000000	3262.1328
8.9200000	2515.1817
8.9400000	1980.1304
8.9600000	1689.8309
8.9800000	1557.4157
9.0000000	1499.8283
9.0200000	1476.2466
9.0400000	1464.1654
9.0600000	1455.9309
9.0800000	1449.9217
9.1000000	1444.9411
9.1200000	1440.7578
9.1400000	1436.9863
9.1600000	1433.7411
9.1800000	1431.0140
9.2000000	1428.4399
9.2200000	1426.2051
9.2400000	1423.9190
9.2600000	1421.7202
9.2800000	1419.8470
9.3000000	1418.1479
9.3200000	1416.6604
9.3400000	1415.3878
9.3600000	1414.2898
9.3800000	1413.3978
9.4000000	1413.1009
9.4200000	1413.1866
9.4400000	1413.6239
9.4600000	1413.9050
9.4800000	1414.4842
9.5000000	1416.2944
9.5200000	1422.3305
9.5400000	1438.6794
9.5600000	1483.1852
9.5800000	1592.7065
9.6000000	1805.4558
9.6200000	2153.0493
9.6400000	2527.7993
9.6600000	2687.9620
9.6800000	2507.7402
9.7000000	2125.5398
9.7200000	1778.3541
9.7400000	1572.6900
9.7600000	1470.0094
9.7800000	1423.9011
9.8000000	1405.1733
9.8200000	1396.6941
9.8400000	1391.8710
9.8600000	1388.9411
9.8800000	1387.0851
9.9000000	1386.2700
9.9200000	1386.8189
9.9400000	1389.8523
9.9600000	1397.9106
9.9800000	1419.4253
10.000000	1482.9169
10.020000	1636.6602
10.040000	1950.0771
10.060000	2486.1907
10.080000	3113.0682
10.100000	3455.6620
10.120000	3265.1542
10.140000	2674.9583
10.160000	2073.6227
10.180000	1689.3313
10.200000	1490.3517
10.220000	1399.7201
10.240000	1361.9706
10.260000	1344.3672
10.280000	1334.0799
10.300000	1326.7075
10.320000	1320.6834
10.340000	1315.2095
10.360000	1310.5043
10.380000	1306.4823
10.400000	1302.8837
10.420000	1299.4648
10.440000	1296.2362
10.460000	1293.1688
10.480000	1290.5135
10.500000	1288.2164
10.520000	1286.2834
10.540000	1284.5928
10.560000	1283.0313
10.580000	1282.0116
10.600000	1281.6227
10.620000	1281.9084
10.640000	1284.1905
10.660000	1290.7230
10.680000	1308.6516
10.700000	1357.7783
10.720000	1476.9918
10.740000	1718.2939
10.760000	2116.0594
10.780000	2564.0994
10.800000	2794.1180
10.820000	2654.0694
10.840000	2234.5543
10.860000	1798.4720
10.880000	1514.9714
10.900000	1368.7787
10.920000	1302.2775
10.940000	1274.1011
10.960000	1262.2332
10.980000	1256.3516
11.000000	1252.8017
11.020000	1250.8987
11.040000	1250.5260
11.060000	1252.3584
11.080000	1259.6990
11.100000	1281.5044
11.120000	1333.7533
11.140000	1439.5546
11.160000	1610.4654
11.180000	1794.5956
11.200000	1881.8447
11.220000	1815.9560
11.240000	1639.0608
11.260000	1457.1951
11.280000	1339.2593
11.300000	1279.0126
11.320000	1251.1336
11.340000	1239.6242
11.360000	1234.3017
11.380000	1231.3219
11.400000	1229.3348
11.420000	1227.8938
11.440000	1226.7137
11.460000	1225.6654
11.480000	1224.7146
11.500000	1224.0558
11.520000	1223.5627
11.540000	1222.9950
11.560000	1222.5026
11.580000	1222.2502
11.600000	1222.1652
11.620000	1222.3496
11.640000	1222.5961
11.660000	1222.8331
11.680000	1223.4637
11.700000	1225.5129
11.720000	1231.1111
11.740000	1245.4072
11.760000	1278.2654
11.780000	1341.2305
11.800000	1433.3632
11.820000	1518.5203
11.840000	1545.0505
11.860000	1498.0209
11.880000	1405.3058
11.900000	1319.2935
11.920000	1265.8200
11.940000	1239.8804
11.960000	1228.2572
11.980000	1223.4579
12.000000	1222.2640
12.020000	1222.4609
12.040000	1224.1151
12.060000	1228.2842
12.080000	1239.7975
12.100000	1269.1159
12.120000	1337.5919
12.140000	1476.7450
12.160000	1696.3260
12.180000	1928.0542
12.200000	2042.7221
12.220000	1975.1366
12.240000	1763.8091
12.260000	1528.2274
12.280000	1365.4412
12.300000	1280.0737
12.320000	1240.3592
12.340000	1222.6065
12.360000	1214.5670
12.380000	1210.6292
12.400000	1207.9113
12.420000	1205.7235
12.440000	1204.2033
12.460000	1203.0368
12.480000	1202.3023
12.500000	1201.7119
12.520000	1201.1609
12.540000	1200.8491
12.560000	1200.7518
12.580000	1201.1490
12.600000	1202.2951
12.620000	1204.5813
12.640000	1209.8883
12.660000	1223.3382
12.680000	1258.6386
12.700000	1342.9073
12.720000	1521.3328
12.740000	1829.4951
12.760000	2200.3182
12.780000	2447.3364
12.800000	2435.6671
12.820000	2174.5969
12.840000	1801.0096
12.860000	1499.7153
12.880000	1328.9233
12.900000	1245.8282
12.920000	1209.1122
12.940000	1193.3253
12.960000	1186.3554
12.980000	1184.6114
13.000000	1189.5496
13.020000	1209.8110
13.040000	1263.7515
13.060000	1379.2541
13.080000	1578.8627
13.100000	1815.5672
13.120000	1965.7676
13.140000	1953.0877
13.160000	1782.3818
13.180000	1540.2070
13.200000	1343.9702
13.220000	1230.4105
13.240000	1174.2683
13.260000	1148.0229
13.280000	1134.9857
13.300000	1127.5680
13.320000	1122.3216
13.340000	1117.9589
13.360000	1114.0945
13.380000	1110.4310
13.400000	1106.8097
13.420000	1103.5587
13.440000	1100.4713
13.460000	1097.4968
13.480000	1094.6517
13.500000	1092.1603
13.520000	1090.0569
13.540000	1088.4377
13.560000	1088.1077
13.580000	1091.1478
13.600000	1100.9311
13.620000	1121.2333
13.640000	1150.1059
13.660000	1173.4187
13.680000	1177.8804
13.700000	1161.4681
13.720000	1130.4357
13.740000	1099.4975
13.760000	1078.7846
13.780000	1067.4511
13.800000	1061.2035
13.820000	1057.7486
13.840000	1055.8140
13.860000	1055.2769
13.880000	1057.4208
13.900000	1066.2970
13.920000	1087.5713
13.940000	1127.4173
13.960000	1180.6964
13.980000	1221.0437
14.000000	1227.8800
14.020000	1199.2018
14.040000	1146.0112
14.060000	1093.6078
14.080000	1060.1605
14.100000	1042.3385
14.120000	1033.3479
14.140000	1028.8744
14.160000	1026.0557
14.180000	1023.9605
14.200000	1022.1485
14.220000	1020.8146
14.240000	1019.5925
14.260000	1018.5503
14.280000	1017.7294
14.300000	1017.1894
14.320000	1016.7841
14.340000	1016.9969
14.360000	1018.4178
14.380000	1023.0067
14.400000	1035.8506
14.420000	1067.0842
14.440000	1133.0022
14.460000	1244.3302
14.480000	1372.6608
14.500000	1454.5067
14.520000	1455.2552
14.540000	1375.8421
14.560000	1248.6266
14.580000	1134.3569
14.600000	1065.0832
14.620000	1030.5532
14.640000	1014.9914
14.660000	1008.7952
14.680000	1008.2113
14.700000	1014.5830
14.720000	1033.8768
14.740000	1077.2078
14.760000	1151.8777
14.780000	1238.7405
14.800000	1294.8708
14.820000	1296.6864
14.840000	1244.5695
14.860000	1157.2280
14.880000	1076.1804
14.900000	1025.4816
14.920000	999.64581
14.940000	986.89600
14.960000	980.69865
14.980000	977.28219
15.000000	974.87669
15.020000	973.01121
15.040000	971.48213
15.060000	970.10314
15.080000	968.75106
15.100000	967.57429
15.120000	966.55203
15.140000	966.10192
15.160000	966.74588
15.180000	970.21087
15.200000	980.19868
15.220000	1003.0393
15.240000	1046.6282
15.260000	1106.7998
15.280000	1157.6483
15.300000	1175.2010
15.320000	1155.8485
15.340000	1104.4837
15.360000	1043.1286
15.380000	998.62804
15.400000	974.16889
15.420000	962.59322
15.440000	958.47906
15.460000	959.82869
15.480000	969.08574
15.500000	993.56576
15.520000	1043.3464
15.540000	1119.3875
15.560000	1194.4339
15.580000	1232.1275
15.600000	1221.0859
15.620000	1164.7510
15.640000	1083.7085
15.660000	1014.4637
15.680000	973.54270
15.700000	953.14047
15.720000	943.14041
15.740000	938.22410
15.760000	935.38568
15.780000	933.33617
15.800000	931.83392
15.820000	930.72914
15.840000	929.86653
15.860000	928.38022
15.880000	927.57155
15.900000	927.73621
15.920000	928.74554
15.940000	932.90062
15.960000	943.54142
15.980000	966.62324
16.000000	1005.6317
16.020000	1048.6240
16.040000	1075.1510
16.060000	1076.3258
16.080000	1052.4415
16.100000	1009.8639
16.120000	967.83625
16.140000	940.36685
16.160000	926.07425
16.180000	919.67570
16.200000	918.39772
16.220000	922.40422
16.240000	934.57994
16.260000	959.84145
16.280000	997.21533
16.300000	1031.5783
16.320000	1046.8553
16.340000	1040.0357
16.360000	1011.9733
16.380000	971.84216
16.400000	937.54551
16.420000	916.83752
16.440000	906.16407
16.460000	900.71636
16.480000	897.85076
16.500000	896.00953
16.520000	894.59814
16.540000	893.55493
16.560000	892.60204
16.580000	891.82458
16.600000	891.34078
16.620000	891.35513
16.640000	892.44209
16.660000	895.77646
16.680000	904.45123
16.700000	922.98572
16.720000	952.89226
16.740000	984.16303
16.760000	1002.0167
16.780000	1002.0112
16.800000	984.42164
16.820000	953.40430
16.840000	922.29278
16.860000	902.07036
16.880000	892.05983
16.900000	888.63687
16.920000	891.09589
16.940000	901.74774
16.960000	925.51850
16.980000	964.70996
17.000000	1007.3185
17.020000	1033.2366
17.040000	1035.5021
17.060000	1014.6237
17.080000	974.34501
17.100000	931.45234
17.120000	901.77640
17.140000	886.15072
17.160000	878.46560
17.180000	874.71484
17.200000	872.78541
17.220000	871.87576
17.240000	871.34215
17.260000	870.94696
17.280000	871.06040
17.300000	871.79069
17.320000	873.76235
17.340000	879.46569
17.360000	894.03772
17.380000	926.07646
17.400000	983.88371
17.420000	1057.7292
17.440000	1115.4282
17.460000	1135.5826
17.480000	1117.6100
17.500000	1063.1877
17.520000	989.42950
17.540000	929.27150
17.560000	894.67939
17.580000	878.54572
17.600000	873.88061
17.620000	878.77916
17.640000	895.47316
17.660000	924.43828
17.680000	955.39269
17.700000	973.77199
17.720000	974.98407
17.740000	959.28390
17.760000	928.89790
17.780000	895.37171
17.800000	871.51289
17.820000	857.94991
17.840000	850.74790
17.860000	846.98685
17.880000	844.71656
17.900000	843.32453
17.920000	842.13709
17.940000	840.88537
17.960000	839.75792
17.980000	838.76962
18.000000	837.76996
18.020000	836.78357
18.040000	835.74430
18.060000	834.89051
18.080000	834.06703
18.100000	833.09742
18.120000	832.38516
18.140000	831.78637
18.160000	831.13452
18.180000	830.49118
18.200000	829.99713
18.220000	829.85682
18.240000	830.21730
18.260000	832.13579
18.280000	837.59763
18.300000	848.61827
18.320000	864.59791
18.340000	879.29500
18.360000	886.53058
18.380000	885.43854
18.400000	876.15900
18.420000	859.85465
18.440000	842.79370
18.460000	831.21148
18.480000	824.96895
18.500000	821.68326
18.520000	819.82445
18.540000	818.68078
18.560000	817.91996
18.580000	817.33145
18.600000	817.01978
18.620000	817.11043
18.640000	818.38879
18.660000	822.51608
18.680000	832.87057
18.700000	853.08415
18.720000	881.40523
18.740000	905.98461
18.760000	917.50020
18.780000	915.29850
18.800000	899.26324
18.820000	871.75325
18.840000	843.95343
18.860000	825.55910
18.880000	816.56860
18.900000	814.04370
18.920000	817.02051
18.940000	825.91812
18.960000	838.00148
18.980000	847.00285
19.000000	849.95929
19.020000	847.00586
19.040000	837.96352
19.060000	824.50485
19.080000	812.02636
19.100000	803.87647
19.120000	799.27940
19.140000	796.77177
19.160000	795.29883
19.180000	794.25048
19.200000	793.46495
19.220000	792.81734
19.240000	792.12017
19.260000	791.80609
19.280000	792.13881
19.300000	793.59417
19.320000	797.06559
19.340000	802.17084
19.360000	806.58053
19.380000	808.70562
19.400000	808.22875
19.420000	805.21678
19.440000	799.99297
19.460000	794.49903
19.480000	791.26236
19.500000	791.83595
19.520000	797.53735
19.540000	811.12268
19.560000	834.16205
19.580000	858.99541
19.600000	874.54410
19.620000	878.17744
19.640000	870.52886
19.660000	850.99953
19.680000	824.47283
19.700000	802.23388
19.720000	788.91979
19.740000	781.99942
19.760000	778.34004
19.780000	776.22832
19.800000	775.10626
19.820000	774.16834
19.840000	773.86472
19.860000	774.31621
19.880000	776.29358
19.900000	781.94125
19.920000	793.51404
19.940000	810.67422
19.960000	826.39950
19.980000	834.55775
20.000000	834.88743
20.020000	827.50704
20.040000	812.33358
20.060000	794.12974
20.080000	780.59900
20.100000	774.08055
20.120000	773.77318
20.140000	779.67111
20.160000	790.28396
20.180000	800.66032
20.200000	806.13022
20.220000	806.39046
20.240000	801.58995
20.260000	791.22169
20.280000	778.10904
20.300000	767.54000
20.320000	761.35035
20.340000	757.98182
20.360000	756.05834
20.380000	754.84826
20.400000	753.99301
20.420000	753.28166
20.440000	753.00853
20.460000	753.46951
20.480000	755.48358
20.500000	760.21907
20.520000	768.08344
20.540000	776.32019
20.560000	781.24032
20.580000	782.36059
20.600000	779.81920
20.620000	773.28887
20.640000	764.03588
20.660000	756.04426
20.680000	751.77263
20.700000	751.43872
20.720000	754.96490
20.740000	761.59269
20.760000	767.91801
20.780000	771.12176
20.800000	770.90411
20.820000	767.84286
20.840000	761.55679
20.860000	753.26189
20.880000	746.26634
20.900000	742.13572
20.920000	739.99155
20.940000	738.70668
20.960000	737.88428
20.980000	737.38225
21.000000	737.35215
21.020000	738.21559
21.040000	741.20851
21.060000	748.38280
21.080000	761.83581
21.100000	779.08412
21.120000	792.77238
21.140000	798.99275
21.160000	798.36433
21.180000	790.76292
21.200000	775.60381
21.220000	758.38493
21.240000	746.38240
21.260000	741.95533
21.280000	744.29845
21.300000	752.26252
21.320000	761.37660
21.340000	766.94897
21.360000	768.05522
21.380000	764.99105
21.400000	757.30038
21.420000	746.09103
21.440000	735.63639
21.460000	728.88003
21.480000	725.06346
21.500000	722.82735
21.520000	721.48045
21.540000	720.63350
21.560000	719.95023
21.580000	719.62608
21.600000	720.11389
21.620000	721.96739
21.640000	725.56124
21.660000	729.90969
21.680000	732.81989
21.700000	733.66415
21.720000	732.76318
21.740000	729.91074
21.760000	725.44275
21.780000	720.50258
21.800000	717.10105
21.820000	715.77509
21.840000	716.15367
21.860000	717.53747
21.880000	718.70202
21.900000	719.01035
21.920000	718.57581
21.940000	717.39928
21.960000	715.36570
21.980000	712.88861
22.000000	710.83579
22.020000	709.51058
22.040000	708.54810
22.060000	707.98657
22.080000	707.71845
22.100000	707.66360
22.120000	708.00901
22.140000	709.32232
22.160000	712.77968
22.180000	719.17693
22.200000	726.97360
22.220000	732.60499
22.240000	735.00568
22.260000	734.68394
22.280000	731.46428
22.300000	725.05939
22.320000	717.66891
22.340000	713.21741
22.360000	713.85091
22.380000	719.53490
22.400000	727.50189
22.420000	733.44546
22.440000	735.83871
22.460000	735.16731
22.480000	731.11455
22.500000	723.19124
22.520000	713.62973
22.540000	706.01657
22.560000	701.46170
22.580000	698.91034
22.600000	697.54446
22.620000	696.70105
22.640000	696.13505
22.660000	695.93693
22.680000	696.45582
22.700000	698.15187
22.720000	700.83755
22.740000	703.36231
22.760000	704.76676
22.780000	704.94786
22.800000	703.98913
22.820000	701.94189
22.840000	699.08224
22.860000	696.96623
22.880000	697.53031
22.900000	701.63696
22.920000	708.39781
22.940000	714.12719
22.960000	717.05919
22.980000	717.46292
23.000000	715.25554
23.020000	709.75659
23.040000	701.93399
23.060000	694.87218
23.080000	690.22389
23.100000	687.67686
23.120000	686.23662
23.140000	685.41094
23.160000	685.03620
23.180000	685.35200
23.200000	686.82414
23.220000	690.24485
23.240000	695.17960
23.260000	699.62746
23.280000	702.09547
23.300000	702.64808
23.320000	701.45235
23.340000	698.14237
23.360000	692.85110
23.380000	687.95767
23.400000	685.46882
23.420000	685.43095
23.440000	686.58002
23.460000	687.58283
23.480000	687.83237
23.500000	687.48056
23.520000	686.33004
23.540000	684.16268
23.560000	681.21148
23.580000	678.71650
23.600000	677.16974
23.620000	676.27064
23.640000	675.75360
23.660000	675.36662
23.680000	675.02031
23.700000	674.90826
23.720000	674.96760
23.740000	675.39013
23.760000	675.81651
23.780000	676.09693
23.800000	676.09509
23.820000	675.83406
23.840000	675.52953
23.860000	675.00130
23.880000	674.80454
23.900000	675.77002
23.920000	678.44348
23.940000	682.45627
23.960000	685.79496
23.980000	687.41552
24.000000	687.69159
24.020000	686.72545
24.040000	683.94812
24.060000	679.54550
24.080000	675.46215
24.100000	672.82790
24.120000	671.49598
24.140000	670.80529
24.160000	670.60823
24.180000	670.99420
24.200000	672.57790
24.220000	676.42152
24.240000	682.68319
24.260000	689.03517
24.280000	693.02719
24.300000	694.74742
24.320000	694.40270
24.340000	691.67821
24.360000	686.38687
24.380000	680.18874
24.400000	676.41619
24.420000	676.39993
24.440000	678.19720
24.460000	679.76566
24.480000	680.21912
24.500000	679.75198
24.520000	678.25718
24.540000	675.19131
24.560000	671.31091
24.580000	667.83054
24.600000	665.52769
24.620000	664.23919
24.640000	663.41405
24.660000	662.95738
24.680000	662.83620
24.700000	663.13614
24.720000	664.10061
24.740000	665.46191
24.760000	666.49577
24.780000	666.79944
24.800000	666.65136
24.820000	665.93378
24.840000	664.72987
24.860000	663.31991
24.880000	662.45790
24.900000	663.05165
24.920000	664.58010
24.940000	665.93284
24.960000	666.63560
24.980000	666.54007
25.000000	665.79156
25.020000	664.18723
25.040000	661.83009
25.060000	659.34326
25.080000	657.46616
25.100000	656.37376
25.120000	655.82042
25.140000	655.72634
25.160000	656.27575
25.180000	658.38860
25.200000	662.76176
25.220000	668.17033
25.240000	672.20618
25.260000	674.04781
25.280000	674.43361
25.300000	673.17660
25.320000	669.84082
25.340000	664.86482
25.360000	660.49451
25.380000	658.91192
25.400000	659.19112
25.420000	659.58374
25.440000	659.62285
25.460000	659.29074
25.480000	658.22060
25.500000	656.13659
25.520000	653.17048
25.540000	650.14819
25.560000	648.04321
25.580000	646.91526
25.600000	646.03902
25.620000	645.59054
25.640000	645.66919
25.660000	646.60109
25.680000	648.42066
25.700000	650.37176
25.720000	651.65186
25.740000	651.92595
25.760000	651.61784
25.780000	650.66961
25.800000	648.84105
25.820000	646.91649
25.840000	646.36433
25.860000	647.65166
25.880000	649.07581
25.900000	649.75415
25.920000	649.80257
25.940000	649.09462
25.960000	647.51480
25.980000	644.75162
26.000000	641.41611
26.020000	638.73515
26.040000	637.03062
26.060000	635.98010
26.080000	635.24151
26.100000	634.82947
26.120000	634.78595
26.140000	635.22631
26.160000	635.77375
26.180000	636.03034
26.200000	636.01466
26.220000	635.65926
26.240000	635.10955
26.260000	634.18550
26.280000	633.17429
26.300000	632.63549
26.320000	632.68052
26.340000	632.76507
26.360000	632.73937
26.380000	632.50457
26.400000	631.95178
26.420000	631.29158
26.440000	630.18121
26.460000	628.90807
26.480000	627.80496
26.500000	626.97297
26.520000	626.45105
26.540000	625.92547
26.560000	625.53085
26.580000	625.21506
26.600000	625.04193
26.620000	624.82500
26.640000	624.53604
26.660000	624.29662
26.680000	624.08384
26.700000	623.96888
26.720000	624.15708
26.740000	624.86992
26.760000	626.22105
26.780000	627.87342
26.800000	629.07940
26.820000	629.69335
26.840000	629.85497
26.860000	629.52724
26.880000	628.48098
26.900000	626.59692
26.920000	624.53493
26.940000	623.10856
26.960000	622.39043
26.980000	622.05323
27.000000	622.21215
27.020000	623.43728
27.040000	625.69936
27.060000	628.60202
27.080000	630.80128
27.100000	632.03706
27.120000	632.39337
27.140000	632.03580
27.160000	630.87437
27.180000	628.93683
27.200000	627.50278
27.220000	627.58625
27.240000	628.40343
27.260000	628.76969
27.280000	628.61381
27.300000	628.13428
27.320000	626.95168
27.340000	624.77844
27.360000	621.90034
27.380000	619.42091
27.400000	617.79100
27.420000	616.68662
27.440000	616.01973
27.460000	615.58979
27.480000	615.35251
27.500000	614.87060
27.520000	614.25789
27.540000	614.53885
27.560000	614.46477
27.580000	614.43670
27.600000	614.42463
27.620000	614.44995
27.640000	614.91043
27.660000	615.93124
27.680000	616.78861
27.700000	617.21007
27.720000	617.33196
27.740000	617.26038
27.760000	616.77652
27.780000	615.63560
27.800000	614.12517
27.820000	612.90838
27.840000	612.15716
27.860000	611.65552
27.880000	611.69765
27.900000	612.48818
27.920000	614.28858
27.940000	616.62666
27.960000	618.25875
27.980000	618.94660
28.000000	619.03053
28.020000	618.74530
28.040000	617.64428
28.060000	615.68402
28.080000	613.64636
28.100000	612.30177
28.120000	611.46518
28.140000	610.80104
28.160000	610.36848
28.180000	610.02164
28.200000	609.44890
28.220000	608.78424
28.240000	608.03325
28.260000	607.44276
28.280000	607.04916
28.300000	606.81521
28.320000	606.82124
28.340000	607.42368
28.360000	608.20669
28.380000	608.88017
28.400000	609.27560
28.420000	609.38264
28.440000	609.45627
28.460000	609.30198
28.480000	608.87783
28.500000	608.53668
28.520000	608.65328
28.540000	609.02753
28.560000	609.21146
28.580000	609.11722
28.600000	608.82789
28.620000	608.33351
28.640000	607.33688
28.660000	605.95499
28.680000	604.71054
28.700000	603.87744
28.720000	603.29174
28.740000	603.15359
28.760000	603.49633
28.780000	604.05272
28.800000	604.62754
28.820000	604.99580
28.840000	605.01750
28.860000	605.02847
28.880000	604.86588
28.900000	604.43004
28.920000	603.87401
28.940000	603.36239
28.960000	603.19437
28.980000	603.10809
29.000000	602.96568
29.020000	602.66968
29.040000	602.26381
29.060000	601.79211
29.080000	600.96713
29.100000	600.02548
29.120000	599.48427
29.140000	599.18719
29.160000	599.06926
29.180000	599.14693
29.200000	599.55805
29.220000	599.82232
29.240000	599.98314
29.260000	599.95660
29.280000	599.89980
29.300000	599.77299
29.320000	599.67746
29.340000	599.57279
29.360000	599.54209
29.380000	599.68723
29.400000	599.69604
29.420000	599.61460
29.440000	599.40287
29.460000	598.91011
29.480000	598.21969
29.500000	597.41361
29.520000	596.59749
29.540000	596.02821
29.560000	595.92337
29.580000	596.33952
29.600000	597.51438
29.620000	599.05672
29.640000	600.31204
29.660000	601.01635
29.680000	601.28116
29.700000	601.29824
29.720000	600.95781
29.740000	600.28762
29.760000	599.68639
29.780000	599.33552
29.800000	598.91344
29.820000	598.48127
29.840000	598.08494
29.860000	597.61189
29.880000	596.74250
29.900000	595.42674
29.920000	593.88761
29.940000	592.57939
29.960000	591.70371
29.980000	591.08179
30.000000	590.75991
30.020000	590.63903
30.040000	590.60742
30.060000	590.51082
30.080000	590.43278
30.100000	590.28920
30.120000	589.97657
30.140000	589.83989
30.160000	589.76831
30.180000	589.61700
30.200000	589.42483
30.220000	589.32778
30.240000	589.19845
30.260000	588.93415
30.280000	588.40829
30.300000	587.92040
30.320000	587.29351
30.340000	586.74266
30.360000	586.37652
30.380000	586.24129
30.400000	586.20232
30.420000	586.48207
30.440000	586.81779
30.460000	586.93816
30.480000	586.94132
30.500000	586.86806
30.520000	586.72481
30.540000	586.59540
30.560000	586.59476
30.580000	586.69477
30.600000	586.65203
30.620000	586.56343
30.640000	586.33443
30.660000	585.99159
30.680000	585.56735
30.700000	584.84231
30.720000	583.86933
30.740000	582.98792
30.760000	582.41697
30.780000	581.94402
30.800000	581.48996
30.820000	581.35883
30.840000	581.35273
30.860000	581.42884
30.880000	581.31768
30.900000	581.11436
30.920000	580.95934
30.940000	581.00024
30.960000	581.01095
30.980000	580.96401
31.000000	580.99010
31.020000	580.92979
31.040000	580.81833
31.060000	580.58112
31.080000	580.24140
31.100000	579.79487
31.120000	579.06381
31.140000	578.47858
31.160000	578.12205
31.180000	577.91886
31.200000	577.91473
31.220000	578.20084
31.240000	578.33954
31.260000	578.41598
31.280000	578.38024
31.300000	578.33926
31.320000	578.18229
31.340000	577.93410
31.360000	577.64131
31.380000	577.34733
31.400000	577.03344
31.420000	576.83532
31.440000	576.67789
31.460000	576.40235
31.480000	576.13417
31.500000	575.76602
31.520000	575.43546
31.540000	575.10584
31.560000	574.90294
31.580000	574.80533
31.600000	575.02215
31.620000	575.19417
31.640000	575.26125
31.660000	575.22967
31.680000	575.20079
31.700000	575.15516
31.720000	575.20200
31.740000	575.39105
31.760000	575.35964
31.780000	575.13005
31.800000	575.01810
31.820000	575.07807
31.840000	574.87956
31.860000	574.62162
31.880000	574.11120
31.900000	573.54988
31.920000	573.00150
31.940000	572.75768
31.960000	572.79354
31.980000	573.30081
32.000000	574.03827
32.020000	574.43703
32.040000	574.55951
32.060000	574.67624
32.080000	574.76282
32.100000	574.58212
32.120000	574.16527
32.140000	573.55547
32.160000	572.89337
32.180000	572.29501
32.200000	571.97975
32.220000	571.68835
32.240000	571.39897
32.260000	570.95783
32.280000	570.25575
32.300000	569.78205
32.320000	569.32555
32.340000	568.98599
32.360000	568.79755
32.380000	568.74044
32.400000	568.76901
32.420000	568.66955
32.440000	568.53925
32.460000	568.41267
32.480000	568.30705
32.500000	568.21726
32.520000	568.21660
32.540000	568.15656
32.560000	568.15538
32.580000	567.92504
32.600000	567.64200
32.620000	567.48547
32.640000	567.27524
32.660000	566.84091
32.680000	566.53915
32.700000	566.38358
32.720000	566.38844
32.740000	566.80573
32.760000	567.22039
32.780000	567.47155
32.800000	567.64586
32.820000	567.70726
32.840000	567.52933
32.860000	567.39650
32.880000	567.01950
32.900000	566.57335
32.920000	566.02102
32.940000	565.59822
32.960000	565.16539
32.980000	564.88902
33.000000	564.51329
33.020000	564.10065
33.040000	563.54970
33.060000	563.07899
33.080000	562.79916
33.100000	562.67207
33.120000	562.39306
33.140000	562.04728
33.160000	561.87512
33.180000	561.77773
33.200000	561.68422
33.220000	561.63761
33.240000	561.78628
33.260000	562.12458
33.280000	562.38465
33.300000	562.58493
33.320000	562.61508
33.340000	562.47792
33.360000	562.28052
33.380000	561.94140
33.400000	561.49844
33.420000	560.91486
33.440000	560.35697
33.460000	560.13492
33.480000	560.26351
33.500000	560.52703
33.520000	560.67749
33.540000	560.66663
33.560000	560.75037
33.580000	560.67488
33.600000	560.52323
33.620000	560.30652
33.640000	559.83744
33.660000	559.32106
33.680000	558.84758
33.700000	558.55800
33.720000	558.35303
33.740000	558.03667
33.760000	557.75497
33.780000	557.39186
33.800000	557.18795
33.820000	556.89341
33.840000	556.80427
33.860000	556.67318
33.880000	556.57534
33.900000	556.40985
33.920000	556.42379
33.940000	556.27053
33.960000	556.23071
33.980000	556.30781
34.000000	556.20221
34.020000	556.13823
34.040000	556.07999
34.060000	556.08148
34.080000	555.93283
34.100000	555.75985
34.120000	555.66198
34.140000	555.14504
34.160000	554.78034
34.180000	554.68858
34.200000	554.76054
34.220000	554.95686
34.240000	555.09859
34.260000	555.14604
34.280000	555.17099
34.300000	555.19048
34.320000	555.24961
34.340000	555.18800
34.360000	555.06619
34.380000	554.85447
34.400000	554.56316
34.420000	554.34078
34.440000	554.15229
34.460000	554.01574
34.480000	553.70521
34.500000	553.06815
34.520000	552.57968
34.540000	552.13419
34.560000	551.84739
34.580000	551.75782
34.600000	551.65504
34.620000	551.42684
34.640000	551.31178
34.660000	551.29439
34.680000	551.20505
34.700000	551.05761
34.720000	550.94159
34.740000	550.67724
34.760000	550.46649
34.780000	550.33778
34.800000	550.25812
34.820000	550.10149
34.840000	549.97236
34.860000	549.77562
34.880000	549.62039
34.900000	549.46243
34.920000	549.52583
34.940000	549.52990
34.960000	549.42749
34.980000	549.32920
35.000000	549.26846
35.020000	549.35809
35.040000	549.34866
35.060000	549.29580
35.080000	549.33061
35.100000	549.19595
35.120000	549.14997
35.140000	549.08438
35.160000	549.01216
35.180000	548.81524
35.200000	548.41789
35.220000	548.23755
35.240000	547.99651
35.260000	547.71702
35.280000	547.75491
35.300000	547.83790
35.320000	547.73665
35.340000	547.70758
35.360000	547.74070
35.380000	547.79831
35.400000	547.83468
35.420000	547.99270
35.440000	548.02708
35.460000	547.81701
35.480000	547.52361
35.500000	547.44556
35.520000	547.32516
35.540000	547.11614
35.560000	546.82247
35.580000	546.44995
35.600000	546.06412
35.620000	545.95940
35.640000	545.99814
35.660000	546.02665
35.680000	545.87893
35.700000	545.91489
35.720000	545.77335
35.740000	545.61559
35.760000	545.47694
35.780000	545.35962
35.800000	545.08773
35.820000	544.92240
35.840000	544.61270
35.860000	544.51723
35.880000	544.42144
35.900000	544.25400
35.920000	544.07488
35.940000	543.82662
35.960000	543.67773
35.980000	543.69987
36.000000	543.74665
36.020000	543.53664
36.040000	543.37334
36.060000	543.37391
36.080000	543.44114
36.100000	543.37855
36.120000	543.32190
36.140000	543.27069
36.160000	543.16455
36.180000	543.08625
36.200000	543.01805
36.220000	542.85391
36.240000	542.66331
36.260000	542.47208
36.280000	542.39138
36.300000	542.33338
36.320000	542.46363
36.340000	542.53369
36.360000	542.67405
36.380000	542.74134
36.400000	542.70986
36.420000	542.79477
36.440000	542.81038
36.460000	542.69755
36.480000	542.41025
36.500000	542.01825
36.520000	541.73820
36.540000	541.62615
36.560000	541.39556
36.580000	541.13119
36.600000	540.84741
36.620000	540.61284
36.640000	540.48496
36.660000	540.29924
36.680000	540.05487
36.700000	540.02854
36.720000	539.90121
36.740000	539.88050
36.760000	539.75628
36.780000	539.74340
36.800000	539.82242
36.820000	539.77408
36.840000	539.82092
36.860000	539.74100
36.880000	539.60957
36.900000	539.52669
36.920000	539.44238
36.940000	539.06016
36.960000	539.07044
36.980000	538.92257
37.000000	538.91582
37.020000	538.93519
37.040000	538.77461
37.060000	538.68366
37.080000	538.68857
37.100000	538.70683
37.120000	538.70468
37.140000	538.65680
37.160000	538.54139
37.180000	538.32934
37.200000	538.21873
37.220000	538.16401
37.240000	537.96253
37.260000	537.65789
37.280000	537.33301
37.300000	537.21078
37.320000	537.15227
37.340000	537.08090
37.360000	536.86725
37.380000	536.65934
37.400000	536.50125
37.420000	536.47711
37.440000	536.40359
37.460000	536.36991
37.480000	536.25984
37.500000	534.91909
37.520000	535.34555
37.540000	535.33079
37.560000	535.30691
37.580000	535.33825
37.600000	535.23943
37.620000	534.99577
37.640000	534.76833
37.660000	534.58473
37.680000	534.45527
37.700000	534.34903
37.720000	534.15946
37.740000	534.06047
37.760000	534.00180
37.780000	533.91278
37.800000	533.87431
37.820000	533.82377
37.840000	533.68069
37.860000	533.58316
37.880000	533.33821
37.900000	533.09573
37.920000	532.93124
37.940000	532.72619
37.960000	532.55349
37.980000	532.46871
38.000000	532.32704
38.020000	532.15416
38.040000	532.04071
38.060000	531.89595
38.080000	531.83965
38.100000	531.70926
38.120000	531.64152
38.140000	531.58836
38.160000	531.51688
38.180000	531.42671
38.200000	531.17034
38.220000	531.00732
38.240000	530.86694
38.260000	530.89079
38.280000	530.68510
38.300000	530.44950
38.320000	530.36232
38.340000	530.24583
38.360000	530.28368
38.380000	530.32301
38.400000	530.17022
38.420000	530.14567
38.440000	530.13707
38.460000	530.09423
38.480000	530.06844
38.500000	529.90141
38.520000	529.69820
38.540000	529.47804
38.560000	529.29402
38.580000	529.13165
38.600000	528.94279
38.620000	528.77897
38.640000	528.62594
38.660000	528.36134
38.680000	528.10973
38.700000	527.95058
38.720000	527.85708
38.740000	527.66073
38.760000	527.53817
38.780000	527.44164
38.800000	527.30381
38.820000	527.29548
38.840000	527.21095
38.860000	527.10566
38.880000	527.01042
38.900000	526.92442
38.920000	526.79730
38.940000	526.76359
38.960000	526.79856
38.980000	526.69098
39.000000	526.66708
39.020000	526.70209
39.040000	526.61751
39.060000	526.54356
39.080000	526.54787
39.100000	526.54209
39.120000	526.42591
39.140000	526.28949
39.160000	526.12089
39.180000	525.80731
39.200000	525.63010
39.220000	525.57385
39.240000	525.46477
39.260000	525.25986
39.280000	525.12241
39.300000	524.91018
39.320000	524.78264
39.340000	524.69125
39.360000	524.67151
39.380000	524.61696
39.400000	524.53510
39.420000	524.35024
39.440000	524.34370
39.460000	524.37079
39.480000	524.30549
39.500000	524.31350
39.520000	524.23230
39.540000	524.19242
39.560000	524.07386
39.580000	523.98260
39.600000	523.79919
39.620000	523.75267
39.640000	523.72005
39.660000	523.57676
39.680000	523.50581
39.700000	523.51769
39.720000	522.68549
39.740000	522.22706
39.760000	522.69003
39.780000	522.69857
39.800000	522.64906
39.820000	522.72789
39.840000	522.71316
39.860000	522.66827
39.880000	522.54892
39.900000	522.50341
39.920000	522.39421
39.940000	522.27435
39.960000	522.30484
39.980000	522.26804
40.000000	522.19763
40.020000	522.10824
40.040000	522.08814
40.060000	522.06425
40.080000	522.07740
40.100000	522.11086
40.120000	522.04201
40.140000	521.86868
40.160000	521.85865
40.180000	521.73457
40.200000	521.74608
40.220000	521.69619
40.240000	521.50197
40.260000	521.44013
40.280000	521.52741
40.300000	521.44018
40.320000	521.37375
40.340000	521.28580
40.360000	521.29665
40.380000	521.29849
40.400000	521.28806
40.420000	521.23752
40.440000	521.02083
40.460000	520.63711
40.480000	520.61277
40.500000	520.58630
40.520000	520.41362
40.540000	520.33689
40.560000	520.22728
40.580000	520.09972
40.600000	520.02902
40.620000	519.97312
40.640000	519.77431
40.660000	519.70099
40.680000	519.63087
40.700000	519.62702
40.720000	519.65246
40.740000	519.53710
40.760000	519.32511
40.780000	519.20065
40.800000	519.02005
40.820000	518.94847
40.840000	518.93076
40.860000	518.80937
40.880000	518.75995
40.900000	518.69334
40.920000	518.70343
40.940000	518.74375
40.960000	518.62317
40.980000	518.55407
41.000000	518.46252
41.020000	518.47573
41.040000	518.40946
41.060000	518.15733
41.080000	517.99553
41.100000	517.96270
41.120000	517.97261
41.140000	517.86259
41.160000	517.81859
41.180000	517.68374
41.200000	517.46949
41.220000	517.41999
41.240000	517.35443
41.260000	517.33365
41.280000	517.24803
41.300000	517.12210
41.320000	517.09601
41.340000	517.10998
41.360000	517.00093
41.380000	516.97792
41.400000	516.88592
41.420000	516.68329
41.440000	516.76519
41.460000	516.68832
41.480000	516.49004
41.500000	516.37677
41.520000	516.30920
41.540000	516.25102
41.560000	516.20198
41.580000	516.01828
41.600000	516.00497
41.620000	515.88300
41.640000	515.88669
41.660000	515.69124
41.680000	515.53079
41.700000	515.45187
41.720000	515.46270
41.740000	515.39803
41.760000	515.35199
41.780000	515.26544
41.800000	515.07373
41.820000	515.08848
41.840000	514.99021
41.860000	514.93561
41.880000	514.97150
41.900000	514.83214
41.920000	514.74315
41.940000	514.65726
41.960000	514.60415
41.980000	514.44975
42.000000	514.44901
42.020000	514.34327
42.040000	514.13213
42.060000	514.11292
42.080000	514.03786
42.100000	513.94562
42.120000	513.95151
42.140000	513.89478
42.160000	513.91758
42.180000	513.82332
42.200000	513.71401
42.220000	513.80224
42.240000	513.71645
42.260000	513.64713
42.280000	513.41341
42.300000	513.33669
42.320000	513.26233
42.340000	513.21412
42.360000	513.00335
42.380000	512.75534
42.400000	512.75545
42.420000	512.64468
42.440000	512.40666
42.460000	512.38179
42.480000	512.25573
42.500000	512.17024
42.520000	512.06987
42.540000	512.13838
42.560000	512.12611
42.580000	512.00070
42.600000	511.87583
42.620000	511.77312
42.640000	511.75194
42.660000	511.56458
42.680000	511.45288
42.700000	511.42992
42.720000	511.30961
42.740000	511.27444
42.760000	511.11192
42.780000	511.03952
42.800000	511.07265
42.820000	510.96420
42.840000	510.84736
42.860000	510.81245
42.880000	510.68646
42.900000	510.52941
42.920000	510.44207
42.940000	510.29845
42.960000	510.26748
42.980000	510.12561
43.000000	510.12005
43.020000	510.06065
43.040000	509.94141
43.060000	509.96665
43.080000	509.75600
43.100000	509.75284
43.120000	509.62928
43.140000	509.43277
43.160000	509.48324
43.180000	509.42918
43.200000	509.46833
43.220000	509.33714
43.240000	509.21402
43.260000	509.02015
43.280000	508.90488
43.300000	508.77403
43.320000	508.67959
43.340000	508.61839
43.360000	508.54882
43.380000	508.48046
43.400000	508.42771
43.420000	508.39509
43.440000	508.30148
43.460000	508.23276
43.480000	508.12237
43.500000	508.09696
43.520000	508.03641
43.540000	507.85396
43.560000	507.78829
43.580000	507.64576
43.600000	507.58751
43.620000	507.45375
43.640000	507.27090
43.660000	507.32270
43.680000	507.24285
43.700000	507.13002
43.720000	507.06385
43.740000	507.05364
43.760000	506.98320
43.780000	506.92783
43.800000	506.73196
43.820000	506.71896
43.840000	506.65446
43.860000	506.65852
43.880000	506.55098
43.900000	506.46082
43.920000	506.42837
43.940000	506.42644
43.960000	506.30361
43.980000	506.16862
44.000000	506.10417
44.020000	506.08144
44.040000	506.12021
44.060000	506.07240
44.080000	505.82698
44.100000	505.79873
44.120000	505.79546
44.140000	505.64432
44.160000	505.61144
44.180000	505.57714
44.200000	505.49297
44.220000	505.34476
44.240000	505.29345
44.260000	505.14814
44.280000	505.08878
44.300000	504.92773
44.320000	504.87083
44.340000	504.82245
44.360000	504.81715
44.380000	504.79174
44.400000	504.72116
44.420000	504.58263
44.440000	504.44032
44.460000	504.42453
44.480000	504.28125
44.500000	504.32848
44.520000	504.23173
44.540000	504.14437
44.560000	504.08086
44.580000	504.16836
44.600000	504.08612
44.620000	504.04628
44.640000	503.98685
44.660000	503.91520
44.680000	503.81790
44.700000	503.81795
44.720000	503.64268
44.740000	503.54867
44.760000	503.49097
44.780000	503.42708
44.800000	503.39265
44.820000	503.31349
44.840000	503.25795
44.860000	503.12166
44.880000	503.00756
44.900000	503.08081
44.920000	503.12068
44.940000	502.88968
44.960000	502.85555
44.980000	502.78005
45.000000	502.70151
45.020000	502.60667
45.040000	502.53524
45.060000	502.54535
45.080000	502.57130
45.100000	502.45843
45.120000	502.35432
45.140000	502.12911
45.160000	502.08276
45.180000	502.06053
45.200000	502.01596
45.220000	502.04473
45.240000	501.88511
45.260000	501.89454
45.280000	501.80915
45.300000	501.66643
45.320000	501.59823
45.340000	501.56214
45.360000	501.50579
45.380000	501.47720
45.400000	501.36031
45.420000	501.21474
45.440000	501.22840
45.460000	501.21825
45.480000	501.04933
45.500000	500.98513
45.520000	501.00948
45.540000	500.88901
45.560000	500.77986
45.580000	500.79354
45.600000	500.62605
45.620000	500.57609
45.640000	500.44735
45.660000	500.35887
45.680000	500.31948
45.700000	500.38103
45.720000	500.32533
45.740000	500.22436
45.760000	499.94942
45.780000	499.93892
45.800000	499.93389
45.820000	499.87550
45.840000	499.84467
45.860000	499.73423
45.880000	499.59163
45.900000	499.69993
45.920000	499.59189
45.940000	499.38503
45.960000	499.41424
45.980000	499.32497
46.000000	499.22208
46.020000	499.18537
46.040000	499.06245
46.060000	499.05089
46.080000	499.01808
46.100000	498.91774
46.120000	498.75558
46.140000	498.74951
46.160000	498.70317
46.180000	498.69226
46.200000	498.68236
46.220000	498.55743
46.240000	498.42274
46.260000	498.20588
46.280000	498.21403
46.300000	498.23138
46.320000	498.18422
46.340000	498.10996
46.360000	498.01767
46.380000	498.12311
46.400000	498.03094
46.420000	497.85947
46.440000	497.78435
46.460000	497.62696
46.480000	497.51006
46.500000	497.43530
46.520000	497.46968
46.540000	497.32356
46.560000	497.22158
46.580000	497.22458
46.600000	497.09946
46.620000	496.97710
46.640000	497.07572
46.660000	496.99688
46.680000	496.88319
46.700000	496.74917
46.720000	496.80599
46.740000	496.67249
46.760000	496.69545
46.780000	496.69789
46.800000	496.55021
46.820000	496.50912
46.840000	496.33960
46.860000	496.41681
46.880000	496.38304
46.900000	496.27071
46.920000	496.17085
46.940000	496.24075
46.960000	496.07059
46.980000	496.05284
47.000000	496.10842
47.020000	496.01346
47.040000	495.89705
47.060000	495.83435
47.080000	495.81967
47.100000	495.69825
47.120000	495.68658
47.140000	495.63552
47.160000	495.60826
47.180000	495.59338
47.200000	495.41987
47.220000	495.43270
47.240000	495.41301
47.260000	495.26513
47.280000	495.06693
47.300000	495.14256
47.320000	495.14840
47.340000	494.95089
47.360000	494.84823
47.380000	494.88801
47.400000	494.91681
47.420000	494.83903
47.440000	494.75828
47.460000	494.80684
47.480000	494.72320
47.500000	494.62937
47.520000	494.59149
47.540000	494.46522
47.560000	494.36051
47.580000	494.35612
47.600000	494.33076
47.620000	494.27714
47.640000	494.20939
47.660000	494.06747
47.680000	494.07986
47.700000	494.06496
47.720000	493.91997
47.740000	493.86516
47.760000	493.73386
47.780000	493.67562
47.800000	493.58095
47.820000	493.62832
47.840000	493.58963
47.860000	493.53481
47.880000	493.44345
47.900000	493.39360
47.920000	493.35386
47.940000	493.32988
47.960000	493.17720
47.980000	493.12033
48.000000	493.13244
48.020000	493.16303
48.040000	493.01374
48.060000	492.82259
48.080000	492.91211
48.100000	492.85393
48.120000	492.84009
48.140000	492.78192
48.160000	492.69889
48.180000	492.65173
48.200000	492.63733
48.220000	492.46580
48.240000	492.34417
48.260000	492.25068
48.280000	492.25767
48.300000	492.20297
48.320000	492.11736
48.340000	492.03093
48.360000	492.15081
48.380000	492.06541
48.400000	491.86986
48.420000	491.93689
48.440000	491.81778
48.460000	491.69734
48.480000	491.72216
48.500000	491.53030
48.520000	491.43802
48.540000	491.50876
48.560000	491.59163
48.580000	491.47211
48.600000	491.35717
48.620000	491.24100
48.640000	491.15010
48.660000	491.21058
48.680000	491.18074
48.700000	491.23015
48.720000	491.06622
48.740000	490.98678
48.760000	490.95843
48.780000	490.85002
48.800000	490.72462
48.820000	490.72799
48.840000	490.74266
48.860000	490.65304
48.880000	490.62623
48.900000	490.42306
48.920000	490.43480
48.940000	490.38843
48.960000	490.20474
48.980000	490.19572
49.000000	490.16378
49.020000	490.09559
49.040000	490.02999
49.060000	490.00692
49.080000	490.07782
49.100000	489.98727
49.120000	489.95219
49.140000	489.84747
49.160000	489.74181
49.180000	489.74256
49.200000	489.60502
49.220000	489.52262
49.240000	489.49002
49.260000	489.46675
49.280000	489.50164
49.300000	489.33231
49.320000	489.30296
49.340000	489.13025
49.360000	489.19136
49.380000	489.12030
49.400000	489.08162
49.420000	488.96076
49.440000	488.84929
49.460000	488.85747
49.480000	488.91332
49.500000	488.77765
49.520000	488.80473
49.540000	488.56632
49.560000	488.44845
49.580000	488.47410
49.600000	488.38863
49.620000	488.37251
49.640000	488.50974
49.660000	488.26324
49.680000	488.16832
49.700000	488.06794
49.720000	487.94904
49.740000	487.88374
49.760000	487.84429
49.780000	487.86865
49.800000	487.67533
49.820000	487.53788
49.840000	487.41446
49.860000	487.41591
49.880000	487.27440
49.900000	487.21878
49.920000	487.27468
49.940000	487.17225
49.960000	487.20784
49.980000	487.01150
50.000000	486.89455
50.020000	486.85341
50.040000	486.80910
50.060000	486.73101
50.080000	486.72789
50.100000	486.65195
50.120000	486.69035
50.140000	486.73557
50.160000	486.50745
50.180000	486.49690
50.200000	486.36702
50.220000	486.26721
50.240000	486.31555
50.260000	486.27909
50.280000	486.19837
50.300000	486.05110
50.320000	485.90797
50.340000	485.90673
50.360000	485.90658
50.380000	485.82915
50.400000	485.79411
50.420000	485.70070
50.440000	485.51945
50.460000	485.45813
50.480000	485.43835
50.500000	485.50562
50.520000	485.37357
50.540000	485.20910
50.560000	485.11166
50.580000	485.12047
50.600000	485.08811
50.620000	485.04168
50.640000	485.04054
50.660000	484.92078
50.680000	484.73287
50.700000	484.66811
50.720000	484.68645
50.740000	484.62061
50.760000	484.56094
50.780000	484.51576
50.800000	484.44018
50.820000	484.20024
50.840000	484.04271
50.860000	483.93849
50.880000	483.98430
50.900000	483.94649
50.920000	483.92429
50.940000	483.98688
50.960000	483.79090
50.980000	483.68736
51.000000	483.62542
51.020000	483.60051
51.040000	483.42696
51.060000	483.33497
51.080000	483.24551
51.100000	483.24513
51.120000	483.36423
51.140000	483.23610
51.160000	483.15950
51.180000	483.07013
51.200000	482.88839
51.220000	482.75131
51.240000	482.72595
51.260000	482.66237
51.280000	482.69302
51.300000	482.58423
51.320000	482.52016
51.340000	482.48843
51.360000	482.33420
51.380000	482.30082
51.400000	482.28462
51.420000	482.18587
51.440000	482.07656
51.460000	481.92697
51.480000	481.92656
51.500000	481.85948
51.520000	481.81055
51.540000	481.93846
51.560000	481.89151
51.580000	481.66162
51.600000	481.55150
51.620000	481.54865
51.640000	481.47699
51.660000	481.40798
51.680000	481.33563
51.700000	481.32105
51.720000	481.15222
51.740000	481.15066
51.760000	481.02683
51.780000	481.05035
51.800000	480.94968
51.820000	480.91030
51.840000	480.70968
51.860000	480.76385
51.880000	480.69610
51.900000	480.51964
51.920000	480.51765
51.940000	480.60824
51.960000	480.60694
51.980000	480.45909
52.000000	480.43353
52.020000	480.39256
52.040000	480.19208
52.060000	479.95825
52.080000	480.01141
52.100000	480.01533
52.120000	479.85371
52.140000	479.78922
52.160000	479.80855
52.180000	479.64257
52.200000	479.64557
52.220000	479.62828
52.240000	479.67142
52.260000	479.74258
52.280000	479.59838
52.300000	479.51256
52.320000	479.49990
52.340000	479.31976
52.360000	479.21222
52.380000	479.22558
52.400000	479.18165
52.420000	479.15151
52.440000	479.07557
52.460000	479.04552
52.480000	478.81908
52.500000	478.72544
52.520000	478.80169
52.540000	478.78390
52.560000	478.72652
52.580000	478.69903
52.600000	478.56328
52.620000	478.47497
52.640000	478.46606
52.660000	478.34939
52.680000	478.20623
52.700000	478.25072
52.720000	478.24458
52.740000	478.16951
52.760000	478.21287
52.780000	478.08141
52.800000	477.91687
52.820000	478.08187
52.840000	477.89765
52.860000	477.75252
52.880000	477.76885
52.900000	477.83260
52.920000	477.72532
52.940000	477.62975
52.960000	477.65523
52.980000	477.66414
53.000000	477.48616
53.020000	477.43031
53.040000	477.42348
53.060000	477.28721
53.080000	477.31243
53.100000	477.14194
53.120000	477.12018
53.140000	477.10619
53.160000	477.08580
53.180000	476.94594
53.200000	476.99928
53.220000	476.76123
53.240000	476.82460
53.260000	476.75734
53.280000	476.71179
53.300000	476.64520
53.320000	476.57718
53.340000	476.57490
53.360000	476.60249
53.380000	476.36090
53.400000	476.43182
53.420000	476.28282
53.440000	476.23975
53.460000	476.20395
53.480000	476.06975
53.500000	476.07877
53.520000	476.06964
53.540000	476.02922
53.560000	475.89739
53.580000	475.99688
53.600000	475.86283
53.620000	475.83917
53.640000	475.83039
53.660000	475.56077
53.680000	475.55070
53.700000	475.60489
53.720000	475.49733
53.740000	475.52596
53.760000	475.44765
53.780000	475.37579
53.800000	475.30267
53.820000	475.29456
53.840000	475.19448
53.860000	475.16906
53.880000	475.12319
53.900000	475.11357
53.920000	475.10776
53.940000	475.10295
53.960000	474.96555
53.980000	474.81956
54.000000	474.75289
54.020000	474.59831
54.040000	474.61035
54.060000	474.57542
54.080000	474.53462
54.100000	474.44368
54.120000	474.42228
54.140000	474.42916
54.160000	474.33381
54.180000	474.20898
54.200000	474.22124
54.220000	474.14557
54.240000	474.14614
54.260000	474.17523
54.280000	473.99940
54.300000	473.90931
54.320000	473.75195
54.340000	473.73318
54.360000	473.81776
54.380000	473.68864
54.400000	473.63490
54.420000	473.53403
54.440000	473.66432
54.460000	473.55721
54.480000	473.55822
54.500000	473.46686
54.520000	473.36497
54.540000	473.42466
54.560000	473.36968
54.580000	473.14994
54.600000	473.05714
54.620000	472.97136
54.640000	473.06077
54.660000	473.06112
54.680000	473.16057
54.700000	472.94715
54.720000	472.84464
54.740000	472.82908
54.760000	472.91298
54.780000	472.81617
54.800000	472.73289
54.820000	472.71320
54.840000	472.62493
54.860000	472.46793
54.880000	472.52791
54.900000	472.46856
54.920000	472.46260
54.940000	472.46191
54.960000	472.28468
54.980000	472.29815
55.000000	472.17138
55.020000	472.06093
55.040000	472.17393
55.060000	472.07325
55.080000	472.02687
55.100000	472.01310
55.120000	471.85601
55.140000	471.79522
55.160000	471.77814
55.180000	471.85208
55.200000	471.69656
55.220000	471.64925
55.240000	471.74070
55.260000	471.65192
55.280000	471.70324
55.300000	471.55988
55.320000	471.59769
55.340000	471.53184
55.360000	471.35105
55.380000	471.33284
55.400000	471.27479
55.420000	471.22061
55.440000	471.26734
55.460000	471.24386
55.480000	471.06255
55.500000	471.18026
55.520000	471.24484
55.540000	471.14267
55.560000	471.09960
55.580000	470.99074
55.600000	470.81147
55.620000	470.89219
55.640000	470.78096
55.660000	470.71608
55.680000	470.78174
55.700000	470.74430
55.720000	470.75136
55.740000	470.64551
55.760000	470.64704
55.780000	470.60658
55.800000	470.61837
55.820000	470.64074
55.840000	470.54638
55.860000	470.48201
55.880000	470.44673
55.900000	470.42926
55.920000	470.32172
55.940000	470.20802
55.960000	470.24691
55.980000	470.26364
56.000000	470.16527
56.020000	470.14875
56.040000	469.96490
56.060000	469.90684
56.080000	469.91937
56.100000	470.02382
56.120000	469.85167
56.140000	469.87038
56.160000	469.75205
56.180000	469.78374
56.200000	469.78925
56.220000	469.55863
56.240000	469.61128
56.260000	469.66323
56.280000	469.49795
56.300000	469.58422
56.320000	469.49216
56.340000	469.51689
56.360000	469.39078
56.380000	469.39532
56.400000	469.28550
56.420000	469.14283
56.440000	469.18185
56.460000	469.27632
56.480000	469.17480
56.500000	469.06563
56.520000	469.02628
56.540000	469.10270
56.560000	469.10221
56.580000	469.04930
56.600000	468.98040
56.620000	468.94586
56.640000	468.88854
56.660000	468.93066
56.680000	468.77805
56.700000	468.82602
56.720000	468.67824
56.740000	468.79961
56.760000	468.70761
56.780000	468.65349
56.800000	468.80387
56.820000	468.65834
56.840000	468.60138
56.860000	468.53354
56.880000	468.45225
56.900000	468.37407
56.920000	468.44967
56.940000	468.35992
56.960000	468.32318
56.980000	468.42463
57.000000	468.35168
57.020000	468.28413
57.040000	468.15404
57.060000	468.13638
57.080000	468.21340
57.100000	468.31444
57.120000	468.07148
57.140000	468.00277
57.160000	468.18725
57.180000	468.00088
57.200000	467.89745
57.220000	468.00806
57.240000	467.97348
57.260000	467.92762
57.280000	467.86630
57.300000	467.90412
57.320000	467.88715
57.340000	467.85887
57.360000	467.74741
57.380000	467.73036
57.400000	467.71939
57.420000	467.73078
57.440000	467.69079
57.460000	467.62763
57.480000	467.57178
57.500000	467.52462
57.520000	467.47987
57.540000	467.51352
57.560000	467.50981
57.580000	467.45173
57.600000	467.50944
57.620000	467.45465
57.640000	467.43345
57.660000	467.32399
57.680000	467.42073
57.700000	467.28205
57.720000	467.23896
57.740000	467.25766
57.760000	467.29474
57.780000	467.23113
57.800000	467.23397
57.820000	467.19624
57.840000	467.12529
57.860000	467.17283
57.880000	467.17926
57.900000	467.13262
57.920000	466.97580
57.940000	467.04300
57.960000	466.98815
57.980000	467.08973
58.000000	467.06199
58.020000	467.04414
58.040000	466.95016
58.060000	466.85242
58.080000	466.96318
58.100000	466.98792
58.120000	466.82672
58.140000	466.96147
58.160000	466.90739
58.180000	466.74760
58.200000	466.78512
58.220000	466.74095
58.240000	466.65833
58.260000	466.69395
58.280000	466.63097
58.300000	466.66103
58.320000	466.70315
58.340000	466.47964
58.360000	466.57521
58.380000	466.51422
58.400000	466.46269
58.420000	466.47909
58.440000	466.54537
58.460000	466.51984
58.480000	466.58492
58.500000	466.53006
58.520000	466.44954
58.540000	466.60870
58.560000	466.46213
58.580000	466.50272
58.600000	466.55255
58.620000	466.50210
58.640000	466.46947
58.660000	466.39318
58.680000	466.29539
58.700000	466.28565
58.720000	466.15026
58.740000	466.18838
58.760000	466.32613
58.780000	466.31279
58.800000	466.29829
58.820000	466.25702
58.840000	466.25064
58.860000	466.23747
58.880000	466.43876
58.900000	466.33499
58.920000	466.30738
58.940000	466.15014
58.960000	466.25078
58.980000	466.13604
59.000000	466.14496
59.020000	466.24299
59.040000	466.26254
59.060000	466.06152
59.080000	466.18175
59.100000	466.06612
59.120000	466.03552
59.140000	466.11675
59.160000	466.17656
59.180000	466.11873
59.200000	466.27409
59.220000	466.15379
59.240000	466.10258
59.260000	466.11306
59.280000	466.17135
59.300000	466.14817
59.320000	466.16908
59.340000	466.12527
59.360000	465.99123
59.380000	466.08904
59.400000	466.05106
59.420000	466.05212
59.440000	466.08449
59.460000	466.27111
59.480000	466.24061
59.500000	466.13558
59.520000	466.23341
59.540000	466.06620
59.560000	466.08923
59.580000	466.14150
59.600000	466.08466
59.620000	466.13715
59.640000	465.99315
59.660000	466.27451
59.680000	466.34705
59.700000	466.19900
59.720000	466.11665
59.740000	466.18419
59.760000	466.10373
59.780000	466.11889
59.800000	466.13400
59.820000	466.22733
59.840000	466.26797
59.860000	466.20561
59.880000	466.12460
59.900000	466.33943
59.920000	466.20348
59.940000	466.32733
