0.0000000	0.0000000
0.020000000	595.80347
0.040000000	595.49333
0.060000000	596.29541
0.080000000	598.97925
0.10000000	600.98415
0.12000000	603.86292
0.14000000	608.50221
0.16000000	611.76237
0.18000000	615.49439
0.20000000	620.28683
0.22000000	626.65984
0.24000000	635.39087
0.26000000	645.32920
0.28000000	659.06122
0.30000000	679.14317
0.32000000	721.11356
0.34000000	845.24414
0.36000000	1130.9020
0.38000000	1660.1158
0.40000000	2331.0272
0.42000000	2918.4828
0.44000000	3419.9492
0.46000000	3873.2361
0.48000000	4226.0445
0.50000000	4542.0124
0.52000000	4817.7985
0.54000000	5041.6196
0.56000000	5225.8410
0.58000000	5380.9859
0.60000000	5497.5173
0.62000000	5582.9372
0.64000000	5649.3947
0.66000000	5691.2848
0.68000000	5714.6276
0.70000000	5722.8123
0.72000000	5716.6066
0.74000000	5698.9401
0.76000000	5671.9301
0.78000000	5637.4646
0.80000000	5600.7306
0.82000000	5560.2081
0.84000000	5514.4842
0.86000000	5464.2920
0.88000000	5417.1543
0.90000000	5370.9511
0.92000000	5319.5417
0.94000000	5272.5546
0.96000000	5224.6677
0.98000000	5176.4109
1.0000000	5129.5732
1.0200000	5086.7579
1.0400000	5040.4290
1.0600000	4995.0166
1.0800000	4953.3247
1.1000000	4912.0577
1.1200000	4871.0166
1.1400000	4834.6350
1.1600000	4801.8145
1.1800000	4768.3320
1.2000000	4737.9526
1.2200000	4709.7087
1.2400000	4683.9020
1.2600000	4661.0373
1.2800000	4639.0063
1.3000000	4618.0018
1.3200000	4599.5476
1.3400000	4583.0956
1.3600000	4567.6194
1.3800000	4555.3478
1.4000000	4546.2460
1.4200000	4538.4776
1.4400000	4533.1222
1.4600000	4531.2576
1.4800000	4532.1595
1.5000000	4535.3847
1.5200000	4542.1432
1.5400000	4551.5161
1.5600000	4563.2385
1.5800000	4578.1027
1.6000000	4597.3701
1.6200000	4620.0703
1.6400000	4646.6427
1.6600000	4676.9509
1.6800000	4710.1692
1.7000000	4748.3939
1.7200000	4791.9675
1.7400000	4839.2168
1.7600000	4890.5300
1.7800000	4947.4715
1.8000000	5007.7387
1.8200000	5074.1407
1.8400000	5146.4580
1.8600000	5224.3944
1.8800000	5303.9303
1.9000000	5387.7020
1.9200000	5473.2056
1.9400000	5557.6805
1.9600000	5647.8002
1.9800000	5741.1622
2.0000000	5833.0934
2.0200000	5924.1259
2.0400000	6017.4079
2.0600000	6107.1764
2.0800000	6192.5020
2.1000000	6273.9335
2.1200000	6348.9214
2.1400000	6414.8355
2.1600000	6472.2763
2.1800000	6521.0427
2.2000000	6557.9181
2.2200000	6583.2365
2.2400000	6595.0152
2.2600000	6593.9094
2.2800000	6581.0374
2.3000000	6558.4190
2.3200000	6526.8158
2.3400000	6485.9036
2.3600000	6433.6215
2.3800000	6370.3205
2.4000000	6300.8435
2.4200000	6225.0659
2.4400000	6141.8236
2.4600000	6052.7494
2.4800000	5961.0639
2.5000000	5863.8309
2.5200000	5767.8949
2.5400000	5673.4152
2.5600000	5578.1296
2.5800000	5482.1778
2.6000000	5387.7166
2.6200000	5294.6972
2.6400000	5201.5818
2.6600000	5113.3715
2.6800000	5026.1380
2.7000000	4939.2922
2.7200000	4856.2054
2.7400000	4778.1392
2.7600000	4701.9522
2.7800000	4626.0024
2.8000000	4554.4275
2.8200000	4484.1686
2.8400000	4417.3335
2.8600000	4353.9257
2.8800000	4292.6786
2.9000000	4233.5077
2.9200000	4177.6148
2.9400000	4125.0331
2.9600000	4073.1184
2.9800000	4024.3730
3.0000000	3978.3018
3.0200000	3934.5939
3.0400000	3891.8458
3.0600000	3852.0581
3.0800000	3815.6413
3.1000000	3780.4715
3.1200000	3745.3747
3.1400000	3707.7253
3.1600000	3668.6199
3.1800000	3632.8391
3.2000000	3600.1411
3.2200000	3570.3428
3.2400000	3543.8066
3.2600000	3519.6989
3.2800000	3496.3764
3.3000000	3472.2000
3.3200000	3446.0400
3.3400000	3419.9971
3.3600000	3395.1530
3.3800000	3372.2013
3.4000000	3351.7656
3.4200000	3332.6177
3.4400000	3316.1476
3.4600000	3301.2233
3.4800000	3285.7052
3.5000000	3269.1128
3.5200000	3252.2220
3.5400000	3234.6382
3.5600000	3216.6960
3.5800000	3199.1045
3.6000000	3183.6385
3.6200000	3171.3388
3.6400000	3160.4220
3.6600000	3146.9989
3.6800000	3128.5352
3.7000000	3108.3257
3.7200000	3091.1547
3.7400000	3075.4892
3.7600000	3057.6270
3.7800000	3038.7955
3.8000000	3020.9620
3.8200000	3003.5135
3.8400000	2987.7384
3.8600000	2973.6282
3.8800000	2960.5444
3.9000000	2949.4194
3.9200000	2939.2486
3.9400000	2929.8682
3.9600000	2920.8038
3.9800000	2912.4902
4.0000000	2905.8961
4.0200000	2900.1649
4.0400000	2895.5065
4.0600000	2892.6389
4.0800000	2891.3176
4.1000000	2890.2792
4.1200000	2888.2446
4.1400000	2885.5892
4.1600000	2883.1871
4.1800000	2881.6436
4.2000000	2881.5372
4.2200000	2882.7589
4.2400000	2885.9768
4.2600000	2891.3200
4.2800000	2897.0977
4.3000000	2902.4161
4.3200000	2908.4797
4.3400000	2914.4945
4.3600000	2920.5214
4.3800000	2926.6651
4.4000000	2932.4147
4.4200000	2936.1951
4.4400000	2937.8699
4.4600000	2939.3695
4.4800000	2940.6530
4.5000000	2941.5616
4.5200000	2941.0724
4.5400000	2940.5528
4.5600000	2940.4214
4.5800000	2940.7133
4.6000000	2941.3698
4.6200000	2940.8989
4.6400000	2939.7932
4.6600000	2939.3470
4.6800000	2938.7192
4.7000000	2937.9555
4.7200000	2936.3761
4.7400000	2933.7664
4.7600000	2929.7578
4.7800000	2924.9005
4.8000000	2920.4421
4.8200000	2916.3054
4.8400000	2912.1324
4.8600000	2907.6411
4.8800000	2902.3526
4.9000000	2897.1994
4.9200000	2893.0637
4.9400000	2889.0771
4.9600000	2884.9054
4.9800000	2881.0247
5.0000000	2877.3019
5.0200000	2873.5080
5.0400000	2869.6189
5.0600000	2866.7804
5.0800000	2864.5728
5.1000000	2862.3057
5.1200000	2859.4864
5.1400000	2857.1240
5.1600000	2855.1133
5.1800000	2853.0372
5.2000000	2850.4642
5.2200000	2848.4904
5.2400000	2846.8688
5.2600000	2845.9697
5.2800000	2845.3017
5.3000000	2844.1981
5.3200000	2843.8113
5.3400000	2844.4583
5.3600000	2845.1131
5.3800000	2846.6073
5.4000000	2848.1656
5.4200000	2849.3177
5.4400000	2849.8286
5.4600000	2850.3288
5.4800000	2851.6734
5.5000000	2853.0526
5.5200000	2854.4551
5.5400000	2855.8442
5.5600000	2856.4319
5.5800000	2857.1239
5.6000000	2858.7808
5.6200000	2861.6233
5.6400000	2865.1533
5.6600000	2869.9990
5.6800000	2877.2159
5.7000000	2884.1697
5.7200000	2888.4157
5.7400000	2890.1421
5.7600000	2890.0133
5.7800000	2889.3582
5.8000000	2889.4641
5.8200000	2891.4965
5.8400000	2895.2408
5.8600000	2899.4804
5.8800000	2904.0750
5.9000000	2908.4599
5.9200000	2913.4576
5.9400000	2918.9430
5.9600000	2924.5928
5.9800000	2930.0428
6.0000000	2935.4161
6.0200000	2941.0556
6.0400000	2946.3149
6.0600000	2950.6768
6.0800000	2954.4143
6.1000000	2958.4054
6.1200000	2962.8539
6.1400000	2968.1441
6.1600000	2974.6848
6.1800000	2982.0140
6.2000000	2990.5826
6.2200000	2999.1173
6.2400000	3005.4347
6.2600000	3009.2106
6.2800000	3009.4585
6.3000000	3007.9496
6.3200000	3006.6913
6.3400000	3006.2274
6.3600000	3007.3322
6.3800000	3009.3620
6.4000000	3011.6593
6.4200000	3013.7157
6.4400000	3015.5733
6.4600000	3017.3360
6.4800000	3019.0379
6.5000000	3020.8857
6.5200000	3021.8320
6.5400000	3022.4772
6.5600000	3023.1438
6.5800000	3023.5494
6.6000000	3023.4456
6.6200000	3022.9250
6.6400000	3022.5784
6.6600000	3022.7121
6.6800000	3023.2548
6.7000000	3023.9390
6.7200000	3023.3182
6.7400000	3020.4700
6.7600000	3016.2796
6.7800000	3012.3159
6.8000000	3008.6829
6.8200000	3005.7066
6.8400000	3002.6388
6.8600000	2999.2717
6.8800000	2996.4268
6.9000000	2993.5968
6.9200000	2991.4974
6.9400000	2989.9520
6.9600000	2989.0573
6.9800000	2988.0203
7.0000000	2986.3057
7.0200000	2983.9588
7.0400000	2981.1698
7.0600000	2978.2794
7.0800000	2975.3596
7.1000000	2973.1994
7.1200000	2971.3620
7.1400000	2969.6064
7.1600000	2968.4645
7.1800000	2967.7815
7.2000000	2967.5796
7.2200000	2967.3183
7.2400000	2967.0849
7.2600000	2966.2044
7.2800000	2964.7081
7.3000000	2962.9997
7.3200000	2961.5608
7.3400000	2960.1444
7.3600000	2958.5100
7.3800000	2957.2112
7.4000000	2956.3848
7.4200000	2955.4719
7.4400000	2954.7071
7.4600000	2953.6761
7.4800000	2952.6725
7.5000000	2951.0936
7.5200000	2949.0473
7.5400000	2947.2132
7.5600000	2944.4985
7.5800000	2941.3240
7.6000000	2937.7561
7.6200000	2933.5328
7.6400000	2928.7704
7.6600000	2923.2238
7.6800000	2916.7610
7.7000000	2909.6929
7.7200000	2901.7517
7.7400000	2893.3142
7.7600000	2884.7763
7.7800000	2875.5171
7.8000000	2865.4943
7.8200000	2855.1436
7.8400000	2844.2884
7.8600000	2832.4797
7.8800000	2819.4778
7.9000000	2805.2134
7.9200000	2789.0492
7.9400000	2772.6377
7.9600000	2756.8639
7.9800000	2741.3829
8.0000000	2725.4397
8.0200000	2709.5506
8.0400000	2694.1057
8.0600000	2678.8885
8.0800000	2663.8725
8.1000000	2648.6988
8.1200000	2633.5565
8.1400000	2618.6832
8.1600000	2604.4941
8.1800000	2590.7546
8.2000000	2577.1056
8.2200000	2563.4097
8.2400000	2549.2993
8.2600000	2535.2880
8.2800000	2521.5552
8.3000000	2508.5193
8.3200000	2496.2176
8.3400000	2484.6329
8.3600000	2473.4977
8.3800000	2463.1140
8.4000000	2454.2279
8.4200000	2446.1236
8.4400000	2438.4279
8.4600000	2430.6903
8.4800000	2422.7976
8.5000000	2415.0080
8.5200000	2406.7294
8.5400000	2398.1765
8.5600000	2390.3351
8.5800000	2383.4325
8.6000000	2376.8427
8.6200000	2370.1747
8.6400000	2363.9244
8.6600000	2358.2732
8.6800000	2353.0566
8.7000000	2347.9956
8.7200000	2343.1217
8.7400000	2338.5872
8.7600000	2334.7298
8.7800000	2331.4049
8.8000000	2328.0055
8.8200000	2324.3435
8.8400000	2320.8385
8.8600000	2317.5648
8.8800000	2314.2388
8.9000000	2310.7438
8.9200000	2306.6479
8.9400000	2302.7829
8.9600000	2299.1565
8.9800000	2296.0197
9.0000000	2293.1494
9.0200000	2290.4677
9.0400000	2287.8372
9.0600000	2285.1315
9.0800000	2282.6958
9.1000000	2279.9945
9.1200000	2277.6954
9.1400000	2275.4197
9.1600000	2273.1578
9.1800000	2270.7492
9.2000000	2268.3997
9.2200000	2265.9444
9.2400000	2263.3925
9.2600000	2260.4478
9.2800000	2257.3349
9.3000000	2254.4436
9.3200000	2251.7805
9.3400000	2249.1700
9.3600000	2246.1864
9.3800000	2242.8160
9.4000000	2239.7133
9.4200000	2236.7651
9.4400000	2233.8321
9.4600000	2230.9961
9.4800000	2228.3069
9.5000000	2225.6039
9.5200000	2222.6806
9.5400000	2219.3328
9.5600000	2215.6458
9.5800000	2211.9804
9.6000000	2207.7916
9.6200000	2203.3718
9.6400000	2199.2423
9.6600000	2195.0208
9.6800000	2190.9738
9.7000000	2186.7186
9.7200000	2182.4025
9.7400000	2178.5282
9.7600000	2174.7375
9.7800000	2170.8620
9.8000000	2167.1756
9.8200000	2163.6107
9.8400000	2159.5455
9.8600000	2155.2769
9.8800000	2151.3724
9.9000000	2147.2072
9.9200000	2142.7019
9.9400000	2138.2853
9.9600000	2133.7785
9.9800000	2129.0022
10.000000	2124.4871
10.020000	2120.0714
10.040000	2115.7873
10.060000	2111.3814
10.080000	2107.0047
10.100000	2102.8161
10.120000	2098.4808
10.140000	2094.4005
10.160000	2090.5931
10.180000	2086.8439
10.200000	2082.8691
10.220000	2078.5524
10.240000	2074.1317
10.260000	2069.5591
10.280000	2065.0928
10.300000	2060.8565
10.320000	2056.7131
10.340000	2052.7098
10.360000	2048.5666
10.380000	2044.3293
10.400000	2039.7072
10.420000	2035.0504
10.440000	2030.7291
10.460000	2026.5996
10.480000	2022.6316
10.500000	2018.5329
10.520000	2014.4014
10.540000	2010.5299
10.560000	2006.7029
10.580000	2002.9949
10.600000	1999.2675
10.620000	1995.3787
10.640000	1991.3903
10.660000	1987.4838
10.680000	1983.7716
10.700000	1980.2161
10.720000	1976.9851
10.740000	1974.0768
10.760000	1971.0631
10.780000	1967.9847
10.800000	1965.1994
10.820000	1962.6767
10.840000	1960.0120
10.860000	1957.0387
10.880000	1953.8478
10.900000	1950.8698
10.920000	1948.1902
10.940000	1945.9950
10.960000	1944.2311
10.980000	1942.5445
11.000000	1940.9775
11.020000	1939.4650
11.040000	1938.1414
11.060000	1937.0225
11.080000	1935.5481
11.100000	1933.8558
11.120000	1932.0347
11.140000	1930.4381
11.160000	1929.1847
11.180000	1927.9585
11.200000	1926.7710
11.220000	1925.9635
11.240000	1925.1455
11.260000	1924.2998
11.280000	1923.4553
11.300000	1922.2124
11.320000	1921.5085
11.340000	1920.9248
11.360000	1920.3056
11.380000	1920.0165
11.400000	1919.7252
11.420000	1919.0999
11.440000	1918.2949
11.460000	1917.5257
11.480000	1916.7240
11.500000	1915.7995
11.520000	1915.0660
11.540000	1914.2961
11.560000	1913.2302
11.580000	1912.4328
11.600000	1911.8095
11.620000	1911.2826
11.640000	1910.3612
11.660000	1909.0063
11.680000	1907.6776
11.700000	1906.1714
11.720000	1904.6538
11.740000	1903.3006
11.760000	1901.8495
11.780000	1900.3645
11.800000	1898.9046
11.820000	1897.2997
11.840000	1895.8490
11.860000	1894.2022
11.880000	1892.6343
11.900000	1891.1359
11.920000	1889.5091
11.940000	1887.7518
11.960000	1885.7914
11.980000	1883.7613
12.000000	1881.8799
12.020000	1879.6690
12.040000	1877.4882
12.060000	1875.0618
12.080000	1872.6117
12.100000	1870.3427
12.120000	1868.0971
12.140000	1865.7753
12.160000	1863.3018
12.180000	1860.5024
12.200000	1857.6231
12.220000	1854.9314
12.240000	1852.3637
12.260000	1849.9344
12.280000	1847.5471
12.300000	1844.9696
12.320000	1842.2898
12.340000	1839.4947
12.360000	1836.3947
12.380000	1833.4036
12.400000	1830.4408
12.420000	1827.3178
12.440000	1824.3477
12.460000	1821.2138
12.480000	1818.1423
12.500000	1815.2409
12.520000	1811.9402
12.540000	1808.5825
12.560000	1805.2051
12.580000	1801.9709
12.600000	1798.9605
12.620000	1795.8894
12.640000	1792.7974
12.660000	1789.7418
12.680000	1786.5207
12.700000	1783.1917
12.720000	1779.7733
12.740000	1776.5014
12.760000	1773.2441
12.780000	1769.7497
12.800000	1766.4777
12.820000	1763.4163
12.840000	1760.3411
12.860000	1757.1224
12.880000	1753.8720
12.900000	1750.8809
12.920000	1748.0292
12.940000	1744.9207
12.960000	1741.8539
12.980000	1738.8885
13.000000	1735.9135
13.020000	1732.8843
13.040000	1729.5763
13.060000	1726.2744
13.080000	1722.8215
13.100000	1719.2456
13.120000	1715.8371
13.140000	1712.9330
13.160000	1709.8674
13.180000	1706.5927
13.200000	1703.3683
13.220000	1700.1387
13.240000	1696.7675
13.260000	1693.6229
13.280000	1690.4770
13.300000	1687.4017
13.320000	1684.1424
13.340000	1681.1786
13.360000	1678.1048
13.380000	1674.7656
13.400000	1671.5214
13.420000	1668.3767
13.440000	1665.3180
13.460000	1662.1560
13.480000	1658.8686
13.500000	1655.5826
13.520000	1652.5044
13.540000	1649.2778
13.560000	1646.1789
13.580000	1643.1039
13.600000	1639.7230
13.620000	1636.5356
13.640000	1633.5213
13.660000	1630.4225
13.680000	1627.3521
13.700000	1624.1483
13.720000	1620.7696
13.740000	1617.5973
13.760000	1614.5507
13.780000	1611.6468
13.800000	1608.6528
13.820000	1605.2765
13.840000	1601.9018
13.860000	1598.9393
13.880000	1596.1528
13.900000	1593.3081
13.920000	1590.4188
13.940000	1587.4463
13.960000	1584.4615
13.980000	1581.4240
14.000000	1578.5661
14.020000	1575.6464
14.040000	1572.5679
14.060000	1569.4326
14.080000	1566.3290
14.100000	1563.3852
14.120000	1560.3818
14.140000	1557.3307
14.160000	1554.3708
14.180000	1551.2358
14.200000	1548.1971
14.220000	1545.3488
14.240000	1542.6156
14.260000	1539.8167
14.280000	1536.9515
14.300000	1534.0528
14.320000	1531.3771
14.340000	1528.6624
14.360000	1525.7460
14.380000	1523.0706
14.400000	1520.3107
14.420000	1517.4630
14.440000	1514.5743
14.460000	1512.0591
14.480000	1509.4685
14.500000	1506.8741
14.520000	1504.1202
14.540000	1501.3974
14.560000	1498.8522
14.580000	1496.3408
14.600000	1493.6536
14.620000	1491.0092
14.640000	1488.5837
14.660000	1486.3927
14.680000	1484.1282
14.700000	1481.7579
14.720000	1479.1688
14.740000	1476.6628
14.760000	1474.2487
14.780000	1471.8989
14.800000	1469.7091
14.820000	1467.4529
14.840000	1465.1179
14.860000	1462.9083
14.880000	1460.8522
14.900000	1458.5264
14.920000	1456.2495
14.940000	1454.1155
14.960000	1451.9301
14.980000	1449.7839
15.000000	1447.7737
15.020000	1445.7994
15.040000	1443.9223
15.060000	1442.0648
15.080000	1440.0105
15.100000	1437.7451
15.120000	1435.7599
15.140000	1433.7818
15.160000	1431.6909
15.180000	1429.5619
15.200000	1427.5073
15.220000	1425.4390
15.240000	1423.4063
15.260000	1421.5365
15.280000	1419.6337
15.300000	1417.5552
15.320000	1415.5166
15.340000	1413.6673
15.360000	1411.8709
15.380000	1409.9828
15.400000	1407.7689
15.420000	1405.5908
15.440000	1403.7340
15.460000	1401.9727
15.480000	1399.9854
15.500000	1397.9283
15.520000	1395.9988
15.540000	1394.1226
15.560000	1392.2638
15.580000	1390.3264
15.600000	1388.3841
15.620000	1386.4634
15.640000	1384.5238
15.660000	1382.9418
15.680000	1381.5628
15.700000	1379.8040
15.720000	1377.8331
15.740000	1375.8639
15.760000	1373.9170
15.780000	1372.0489
15.800000	1370.0886
15.820000	1368.0892
15.840000	1366.2039
15.860000	1364.4227
15.880000	1362.5001
15.900000	1360.5543
15.920000	1358.7146
15.940000	1356.8195
15.960000	1354.9649
15.980000	1353.2086
16.000000	1351.3347
16.020000	1349.5172
16.040000	1347.7888
16.060000	1345.8713
16.080000	1344.0549
16.100000	1342.0832
16.120000	1340.0576
16.140000	1338.4595
16.160000	1336.8547
16.180000	1335.0510
16.200000	1333.2531
16.220000	1331.6672
16.240000	1329.8748
16.260000	1328.1470
16.280000	1326.5253
16.300000	1324.7319
16.320000	1322.9462
16.340000	1321.0935
16.360000	1319.2983
16.380000	1317.4688
16.400000	1315.8728
16.420000	1314.2315
16.440000	1312.6564
16.460000	1311.0638
16.480000	1309.4785
16.500000	1307.7427
16.520000	1305.9070
16.540000	1304.2767
16.560000	1302.8400
16.580000	1301.2025
16.600000	1299.5533
16.620000	1297.7146
16.640000	1295.7772
16.660000	1293.9998
16.680000	1292.5124
16.700000	1290.9491
16.720000	1289.3230
16.740000	1287.8749
16.760000	1286.3753
16.780000	1284.6959
16.800000	1283.1156
16.820000	1281.7701
16.840000	1280.6069
16.860000	1279.1617
16.880000	1277.6616
16.900000	1276.1463
16.920000	1274.7596
16.940000	1273.3881
16.960000	1272.0326
16.980000	1270.6430
17.000000	1269.2222
17.020000	1267.8463
17.040000	1266.5352
17.060000	1265.1911
17.080000	1263.7926
17.100000	1262.5290
17.120000	1261.3944
17.140000	1260.2347
17.160000	1258.9925
17.180000	1257.6914
17.200000	1256.3431
17.220000	1255.2537
17.240000	1254.0977
17.260000	1252.8042
17.280000	1251.5849
17.300000	1250.5726
17.320000	1249.5116
17.340000	1248.3355
17.360000	1247.2794
17.380000	1246.1721
17.400000	1245.0505
17.420000	1243.9576
17.440000	1242.9942
17.460000	1242.1977
17.480000	1241.3034
17.500000	1240.1982
17.520000	1239.1206
17.540000	1238.3775
17.560000	1237.5277
17.580000	1236.6329
17.600000	1235.6253
17.620000	1234.5675
17.640000	1233.5404
17.660000	1232.6790
17.680000	1231.9395
17.700000	1231.1017
17.720000	1230.2004
17.740000	1229.2970
17.760000	1228.4709
17.780000	1227.7258
17.800000	1226.8516
17.820000	1225.9625
17.840000	1225.1102
17.860000	1224.3025
17.880000	1223.5589
17.900000	1222.6552
17.920000	1221.7515
17.940000	1220.9002
17.960000	1220.1275
17.980000	1219.1614
18.000000	1218.1560
18.020000	1217.3073
18.040000	1216.4212
18.060000	1215.5485
18.080000	1214.6616
18.100000	1213.8123
18.120000	1212.9959
18.140000	1212.0931
18.160000	1211.1183
18.180000	1210.1813
18.200000	1209.3206
18.220000	1208.3133
18.240000	1207.2831
18.260000	1206.2001
18.280000	1205.3088
18.300000	1204.3763
18.320000	1203.3023
18.340000	1202.1298
18.360000	1201.0781
18.380000	1200.0408
18.400000	1198.9461
18.420000	1197.9278
18.440000	1196.7877
18.460000	1195.6696
18.480000	1194.3767
18.500000	1193.1957
18.520000	1192.0020
18.540000	1190.8615
18.560000	1189.7491
18.580000	1188.4422
18.600000	1187.0897
18.620000	1185.8589
18.640000	1184.5805
18.660000	1183.2592
18.680000	1181.9781
18.700000	1180.6535
18.720000	1179.2832
18.740000	1178.0332
18.760000	1176.6022
18.780000	1175.1283
18.800000	1173.8049
18.820000	1172.4647
18.840000	1171.0194
18.860000	1169.5505
18.880000	1167.9716
18.900000	1166.4537
18.920000	1164.8538
18.940000	1163.3697
18.960000	1162.0086
18.980000	1160.6074
19.000000	1159.2102
19.020000	1157.8245
19.040000	1156.4445
19.060000	1155.0714
19.080000	1153.6045
19.100000	1151.9925
19.120000	1150.5048
19.140000	1149.1186
19.160000	1147.8402
19.180000	1146.3761
19.200000	1144.6647
19.220000	1142.9173
19.240000	1141.3229
19.260000	1139.9420
19.280000	1138.5540
19.300000	1137.0014
19.320000	1135.4642
19.340000	1133.8908
19.360000	1132.3922
19.380000	1131.0056
19.400000	1129.5851
19.420000	1128.1027
19.440000	1126.7299
19.460000	1125.2798
19.480000	1123.7690
19.500000	1122.2125
19.520000	1120.8111
19.540000	1119.3521
19.560000	1117.8103
19.580000	1116.4178
19.600000	1115.1005
19.620000	1113.6099
19.640000	1112.1166
19.660000	1110.7551
19.680000	1109.5509
19.700000	1108.2001
19.720000	1106.6460
19.740000	1105.1386
19.760000	1103.6836
19.780000	1102.3369
19.800000	1101.0054
19.820000	1099.6346
19.840000	1098.3936
19.860000	1097.1624
19.880000	1095.8561
19.900000	1094.5552
19.920000	1093.2683
19.940000	1091.9589
19.960000	1090.6471
19.980000	1089.3674
20.000000	1087.9504
20.020000	1086.6139
20.040000	1085.5417
20.060000	1084.3757
20.080000	1083.0822
20.100000	1081.7528
20.120000	1080.6099
20.140000	1079.4914
20.160000	1078.3099
20.180000	1077.1416
20.200000	1075.9849
20.220000	1074.8833
20.240000	1073.7593
20.260000	1072.6417
20.280000	1071.5648
20.300000	1070.3182
20.320000	1069.0324
20.340000	1067.8929
20.360000	1066.7855
20.380000	1065.7683
20.400000	1064.6417
20.420000	1063.5987
20.440000	1062.5523
20.460000	1061.4899
20.480000	1060.4120
20.500000	1059.3808
20.520000	1058.1982
20.540000	1057.0565
20.560000	1056.0285
20.580000	1054.9816
20.600000	1054.0799
20.620000	1053.1509
20.640000	1052.0323
20.660000	1051.0284
20.680000	1050.1587
20.700000	1049.1466
20.720000	1048.1057
20.740000	1046.9834
20.760000	1046.0064
20.780000	1045.1052
20.800000	1044.1136
20.820000	1043.1822
20.840000	1042.2857
20.860000	1041.5102
20.880000	1040.5867
20.900000	1039.5835
20.920000	1038.6038
20.940000	1037.6564
20.960000	1036.8029
20.980000	1035.8441
21.000000	1034.8884
21.020000	1034.0118
21.040000	1033.0826
21.060000	1032.2565
21.080000	1031.4031
21.100000	1030.4563
21.120000	1029.6625
21.140000	1028.8565
21.160000	1027.9824
21.180000	1027.0448
21.200000	1026.1335
21.220000	1025.3285
21.240000	1024.5033
21.260000	1023.5972
21.280000	1022.6891
21.300000	1021.8868
21.320000	1021.0137
21.340000	1020.1712
21.360000	1019.4832
21.380000	1018.6625
21.400000	1017.9235
21.420000	1017.0922
21.440000	1016.2940
21.460000	1015.4745
21.480000	1014.7417
21.500000	1013.9352
21.520000	1013.0098
21.540000	1012.1804
21.560000	1011.4716
21.580000	1010.6567
21.600000	1009.7925
21.620000	1009.0650
21.640000	1008.3734
21.660000	1007.7411
21.680000	1006.9793
21.700000	1006.2306
21.720000	1005.3664
21.740000	1004.5444
21.760000	1003.9083
21.780000	1003.2168
21.800000	1002.3834
21.820000	1001.6416
21.840000	1000.9169
21.860000	1000.1118
21.880000	999.39349
21.900000	998.62926
21.920000	997.84859
21.940000	997.17955
21.960000	996.52970
21.980000	995.93268
22.000000	995.15069
22.020000	994.34959
22.040000	993.46753
22.060000	992.63785
22.080000	991.92624
22.100000	991.23389
22.120000	990.50391
22.140000	989.69772
22.160000	988.97309
22.180000	988.24552
22.200000	987.53039
22.220000	986.79914
22.240000	986.04668
22.260000	985.49109
22.280000	984.72321
22.300000	984.02963
22.320000	983.33511
22.340000	982.60355
22.360000	981.77145
22.380000	980.99537
22.400000	980.25549
22.420000	979.62918
22.440000	978.94482
22.460000	978.23068
22.480000	977.49328
22.500000	976.74758
22.520000	976.10311
22.540000	975.33803
22.560000	974.58514
22.580000	973.83097
22.600000	973.13025
22.620000	972.42131
22.640000	971.76591
22.660000	971.13994
22.680000	970.50174
22.700000	969.72810
22.720000	968.89578
22.740000	968.29350
22.760000	967.63230
22.780000	966.85185
22.800000	966.10222
22.820000	965.45288
22.840000	964.76951
22.860000	964.19233
22.880000	963.55175
22.900000	962.79643
22.920000	962.07234
22.940000	961.29506
22.960000	960.52609
22.980000	959.91890
23.000000	959.21560
23.020000	958.52562
23.040000	957.78469
23.060000	957.20544
23.080000	956.43202
23.100000	955.68926
23.120000	954.97107
23.140000	954.34469
23.160000	953.68107
23.180000	953.10919
23.200000	952.50614
23.220000	951.77003
23.240000	950.98642
23.260000	950.45555
23.280000	949.86986
23.300000	949.15981
23.320000	948.52070
23.340000	947.89317
23.360000	947.41184
23.380000	946.83176
23.400000	946.08918
23.420000	945.46835
23.440000	944.90902
23.460000	944.27491
23.480000	943.65034
23.500000	942.99629
23.520000	942.31214
23.540000	941.67287
23.560000	941.04110
23.580000	940.32020
23.600000	939.72396
23.620000	939.29450
23.640000	938.76875
23.660000	938.30232
23.680000	937.68601
23.700000	937.10152
23.720000	936.47017
23.740000	935.82492
23.760000	935.19173
23.780000	934.69094
23.800000	934.16396
23.820000	933.61694
23.840000	933.24887
23.860000	932.67643
23.880000	932.06003
23.900000	931.52645
23.920000	930.90646
23.940000	930.26433
23.960000	929.67822
23.980000	929.04381
24.000000	928.56964
24.020000	928.13416
24.040000	927.67730
24.060000	927.13570
24.080000	926.53813
24.100000	925.89490
24.120000	925.33523
24.140000	924.87152
24.160000	924.39261
24.180000	923.89112
24.200000	923.34919
24.220000	922.87086
24.240000	922.30948
24.260000	921.78147
24.280000	921.29038
24.300000	920.66050
24.320000	920.15830
24.340000	919.57243
24.360000	918.99388
24.380000	918.51271
24.400000	917.97220
24.420000	917.46195
24.440000	916.95414
24.460000	916.52155
24.480000	915.95773
24.500000	915.23562
24.520000	914.60158
24.540000	914.21529
24.560000	913.93150
24.580000	913.36133
24.600000	912.67977
24.620000	912.16335
24.640000	911.66254
24.660000	911.15545
24.680000	910.67656
24.700000	910.12936
24.720000	909.47179
24.740000	908.81685
24.760000	908.40956
24.780000	907.85875
24.800000	907.19716
24.820000	906.66218
24.840000	906.06667
24.860000	905.45707
24.880000	904.79944
24.900000	904.23214
24.920000	903.56880
24.940000	903.09492
24.960000	902.63613
24.980000	901.95222
25.000000	901.43814
25.020000	900.84426
25.040000	900.34380
25.060000	899.76930
25.080000	899.15953
25.100000	898.61903
25.120000	897.92226
25.140000	897.37078
25.160000	896.77094
25.180000	896.13162
25.200000	895.48874
25.220000	894.85042
25.240000	894.29906
25.260000	893.66043
25.280000	893.05989
25.300000	892.44730
25.320000	891.79733
25.340000	891.28178
25.360000	890.65059
25.380000	889.94935
25.400000	889.29746
25.420000	888.66921
25.440000	888.03035
25.460000	887.27350
25.480000	886.68333
25.500000	886.08129
25.520000	885.53109
25.540000	884.88165
25.560000	884.18123
25.580000	883.49252
25.600000	882.84450
25.620000	882.27976
25.640000	881.55662
25.660000	880.97914
25.680000	880.37120
25.700000	879.76573
25.720000	879.20708
25.740000	878.49214
25.760000	877.85872
25.780000	877.18714
25.800000	876.57381
25.820000	876.06014
25.840000	875.40214
25.860000	874.59239
25.880000	873.93089
25.900000	873.37097
25.920000	872.79931
25.940000	872.21021
25.960000	871.63087
25.980000	870.94515
26.000000	870.32161
26.020000	869.66526
26.040000	869.08065
26.060000	868.42673
26.080000	867.76414
26.100000	867.12582
26.120000	866.51469
26.140000	865.90923
26.160000	865.18468
26.180000	864.65545
26.200000	864.07389
26.220000	863.48979
26.240000	862.82610
26.260000	862.15272
26.280000	861.61210
26.300000	861.12038
26.320000	860.53404
26.340000	859.97209
26.360000	859.37163
26.380000	858.76019
26.400000	858.19653
26.420000	857.55609
26.440000	856.96580
26.460000	856.41147
26.480000	855.76876
26.500000	855.15373
26.520000	854.60748
26.540000	854.17289
26.560000	853.66475
26.580000	853.11008
26.600000	852.62777
26.620000	852.04992
26.640000	851.43374
26.660000	850.92594
26.680000	850.52982
26.700000	850.08871
26.720000	849.49631
26.740000	848.95181
26.760000	848.43412
26.780000	847.95562
26.800000	847.41832
26.820000	846.84065
26.840000	846.37409
26.860000	845.80553
26.880000	845.27151
26.900000	844.73888
26.920000	844.27062
26.940000	843.86596
26.960000	843.38400
26.980000	842.95924
27.000000	842.50347
27.020000	841.96693
27.040000	841.39658
27.060000	840.84842
27.080000	840.47543
27.100000	840.04518
27.120000	839.61114
27.140000	839.10285
27.160000	838.65803
27.180000	838.17490
27.200000	837.68202
27.220000	837.24199
27.240000	836.80709
27.260000	836.38777
27.280000	835.95575
27.300000	835.59253
27.320000	835.13916
27.340000	834.64663
27.360000	834.28847
27.380000	833.92999
27.400000	833.47419
27.420000	833.00616
27.440000	832.62624
27.460000	832.22325
27.480000	831.90482
27.500000	830.94943
27.520000	829.75367
27.540000	829.83411
27.560000	829.64116
27.580000	829.34534
27.600000	829.00570
27.620000	828.63371
27.640000	828.22608
27.660000	827.87667
27.680000	827.54608
27.700000	827.19289
27.720000	826.79951
27.740000	826.31872
27.760000	826.06142
27.780000	825.75461
27.800000	825.31918
27.820000	824.85900
27.840000	824.46308
27.860000	824.14670
27.880000	823.67509
27.900000	823.28045
27.920000	822.93605
27.940000	822.62488
27.960000	822.29491
27.980000	821.88252
28.000000	821.57521
28.020000	821.25950
28.040000	820.85448
28.060000	820.40921
28.080000	820.14641
28.100000	819.82771
28.120000	819.43640
28.140000	819.08977
28.160000	818.83188
28.180000	818.51542
28.200000	818.09338
28.220000	817.75749
28.240000	817.41775
28.260000	817.05885
28.280000	816.70552
28.300000	816.29893
28.320000	815.93691
28.340000	815.66624
28.360000	815.37211
28.380000	815.00821
28.400000	814.67261
28.420000	814.29447
28.440000	813.99746
28.460000	813.64506
28.480000	813.26276
28.500000	812.92217
28.520000	812.66758
28.540000	812.43612
28.560000	812.03296
28.580000	811.68605
28.600000	811.30540
28.620000	811.03909
28.640000	810.68965
28.660000	810.29845
28.680000	809.98203
28.700000	809.74888
28.720000	809.44619
28.740000	809.11350
28.760000	808.75393
28.780000	808.32206
28.800000	808.06139
28.820000	807.80317
28.840000	807.47743
28.860000	807.19251
28.880000	806.83651
28.900000	806.56318
28.920000	806.19588
28.940000	805.95124
28.960000	805.71712
28.980000	805.56253
29.000000	805.15593
29.020000	804.73573
29.040000	804.38553
29.060000	804.05089
29.080000	803.73773
29.100000	803.45829
29.120000	803.14929
29.140000	802.80408
29.160000	802.57530
29.180000	802.22358
29.200000	801.88286
29.220000	801.48370
29.240000	801.18332
29.260000	800.92465
29.280000	800.65983
29.300000	800.36783
29.320000	799.91939
29.340000	799.54867
29.360000	799.30512
29.380000	799.07771
29.400000	798.74773
29.420000	798.42061
29.440000	798.06729
29.460000	797.71672
29.480000	797.47739
29.500000	797.17003
29.520000	796.93003
29.540000	796.62971
29.560000	796.34064
29.580000	795.93556
29.600000	795.58747
29.620000	795.21700
29.640000	794.77474
29.660000	794.50014
29.680000	794.21814
29.700000	793.82275
29.720000	793.47679
29.740000	793.24059
29.760000	792.90740
29.780000	792.60975
29.800000	792.24843
29.820000	791.90317
29.840000	791.49764
29.860000	791.19985
29.880000	790.98410
29.900000	790.68479
29.920000	790.36816
29.940000	790.00783
29.960000	789.66343
29.980000	789.26950
30.000000	788.97689
30.020000	788.47589
30.040000	788.18681
30.060000	787.86434
30.080000	787.55858
30.100000	787.27742
30.120000	786.94831
30.140000	786.65631
30.160000	786.38592
30.180000	786.01022
30.200000	785.65657
30.220000	785.33999
30.240000	784.88745
30.260000	784.57013
30.280000	784.26438
30.300000	783.90476
30.320000	783.55678
30.340000	783.28573
30.360000	782.92738
30.380000	782.50941
30.400000	782.23536
30.420000	782.01281
30.440000	781.61588
30.460000	781.10788
30.480000	780.65715
30.500000	780.39584
30.520000	780.13384
30.540000	779.86397
30.560000	779.54231
30.580000	779.18006
30.600000	778.83472
30.620000	778.49961
30.640000	778.19577
30.660000	777.87985
30.680000	777.46957
30.700000	777.09317
30.720000	776.80428
30.740000	776.53103
30.760000	776.22087
30.780000	775.81338
30.800000	775.39421
30.820000	775.15117
30.840000	774.83606
30.860000	774.44143
30.880000	774.10055
30.900000	773.87746
30.920000	773.55937
30.940000	773.18877
30.960000	772.87512
30.980000	772.52516
31.000000	772.23867
31.020000	771.87572
31.040000	771.46282
31.060000	771.05869
31.080000	770.75342
31.100000	770.55608
31.120000	770.18691
31.140000	769.80890
31.160000	769.50496
31.180000	769.18772
31.200000	768.83551
31.220000	768.60436
31.240000	768.21070
31.260000	767.91912
31.280000	767.55438
31.300000	767.27707
31.320000	766.85530
31.340000	766.53742
31.360000	766.25957
31.380000	765.98299
31.400000	765.67936
31.420000	765.27823
31.440000	764.89301
31.460000	764.65782
31.480000	764.40924
31.500000	764.17946
31.520000	763.96877
31.540000	763.66582
31.560000	763.38374
31.580000	762.91291
31.600000	762.54068
31.620000	762.18423
31.640000	761.95326
31.660000	761.65612
31.680000	761.29254
31.700000	760.95906
31.720000	760.73398
31.740000	760.37458
31.760000	760.06398
31.780000	759.77014
31.800000	759.47038
31.820000	759.21442
31.840000	758.84578
31.860000	758.55683
31.880000	758.27461
31.900000	757.96563
31.920000	757.59475
31.940000	757.24789
31.960000	756.90093
31.980000	756.73765
32.000000	756.37040
32.020000	756.07588
32.040000	755.84208
32.060000	755.53664
32.080000	755.16687
32.100000	754.94804
32.120000	754.69306
32.140000	754.24987
32.160000	753.97480
32.180000	753.68129
32.200000	753.33579
32.220000	753.03367
32.240000	752.85625
32.260000	752.53151
32.280000	752.15833
32.300000	751.86985
32.320000	751.71873
32.340000	751.36810
32.360000	751.09793
32.380000	750.77754
32.400000	750.44246
32.420000	750.07154
32.440000	749.76144
32.460000	749.42349
32.480000	749.22632
32.500000	749.05501
32.520000	748.78904
32.540000	748.41875
32.560000	748.07557
32.580000	747.81103
32.600000	747.51420
32.620000	747.27869
32.640000	746.96402
32.660000	746.72925
32.680000	746.45184
32.700000	746.12575
32.720000	745.83958
32.740000	745.54407
32.760000	745.31734
32.780000	745.09243
32.800000	744.73554
32.820000	744.45812
32.840000	744.23851
32.860000	743.92755
32.880000	743.53176
32.900000	743.36115
32.920000	743.10859
32.940000	742.80225
32.960000	742.55618
32.980000	742.33059
33.000000	742.05599
33.020000	741.90706
33.040000	741.70228
33.060000	741.35608
33.080000	741.07949
33.100000	740.73093
33.120000	740.41533
33.140000	740.12576
33.160000	739.85383
33.180000	739.60819
33.200000	739.42291
33.220000	739.21041
33.240000	738.91319
33.260000	738.60923
33.280000	738.38340
33.300000	738.12889
33.320000	737.91804
33.340000	737.66733
33.360000	737.44653
33.380000	737.29563
33.400000	736.98835
33.420000	736.68365
33.440000	736.42345
33.460000	736.17661
33.480000	735.92627
33.500000	735.61787
33.520000	735.47180
33.540000	735.30308
33.560000	735.15625
33.580000	734.83160
33.600000	734.49537
33.620000	734.26822
33.640000	734.06171
33.660000	733.68617
33.680000	733.50627
33.700000	733.25378
33.720000	733.04363
33.740000	732.78451
33.760000	732.64818
33.780000	732.38437
33.800000	732.18212
33.820000	731.88049
33.840000	731.64295
33.860000	731.40251
33.880000	731.26767
33.900000	731.11152
33.920000	730.84228
33.940000	730.48901
33.960000	730.20123
33.980000	729.97075
34.000000	729.88923
34.020000	729.54245
34.040000	729.33772
34.060000	729.15220
34.080000	728.89121
34.100000	728.64580
34.120000	728.52549
34.140000	728.30357
34.160000	728.19726
34.180000	728.05290
34.200000	727.73626
34.220000	727.46304
34.240000	727.34395
34.260000	727.14324
34.280000	726.90533
34.300000	726.60625
34.320000	726.40999
34.340000	726.18318
34.360000	726.06192
34.380000	725.78966
34.400000	725.49436
34.420000	725.30023
34.440000	725.12858
34.460000	724.89310
34.480000	724.70587
34.500000	724.50002
34.520000	724.34012
34.540000	724.11145
34.560000	723.86962
34.580000	723.65324
34.600000	723.57378
34.620000	723.26675
34.640000	723.15304
34.660000	722.93528
34.680000	722.68856
34.700000	722.45063
34.720000	722.26507
34.740000	722.07854
34.760000	721.79741
34.780000	721.57421
34.800000	721.42857
34.820000	721.20624
34.840000	721.06637
34.860000	720.85439
34.880000	720.64295
34.900000	720.35348
34.920000	720.25835
34.940000	720.07072
34.960000	719.97692
34.980000	719.69206
35.000000	719.58025
35.020000	719.29978
35.040000	719.26939
35.060000	719.08958
35.080000	718.78280
35.100000	718.44500
35.120000	718.26346
35.140000	718.07020
35.160000	717.89060
35.180000	717.69006
35.200000	717.51076
35.220000	717.34526
35.240000	717.25168
35.260000	717.08859
35.280000	716.83250
35.300000	716.72496
35.320000	716.68210
35.340000	716.40501
35.360000	716.25323
35.380000	716.03345
35.400000	715.83661
35.420000	715.60771
35.440000	715.45100
35.460000	715.26172
35.480000	714.98236
35.500000	714.73061
35.520000	714.59068
35.540000	714.52271
35.560000	714.36244
35.580000	714.14359
35.600000	713.95214
35.620000	713.93768
35.640000	713.55394
35.660000	713.25009
35.680000	713.11067
35.700000	713.06948
35.720000	712.81889
35.740000	712.70712
35.760000	712.59710
35.780000	712.52572
35.800000	712.18557
35.820000	711.95278
35.840000	711.74820
35.860000	711.63378
35.880000	711.45171
35.900000	711.28765
35.920000	711.18510
35.940000	710.94056
35.960000	710.68442
35.980000	710.43207
36.000000	710.37631
36.020000	710.18317
36.040000	709.83739
36.060000	709.76936
36.080000	709.58509
36.100000	709.43191
36.120000	709.23608
36.140000	709.01254
36.160000	708.85280
36.180000	708.77519
36.200000	708.61079
36.220000	708.43668
36.240000	708.17417
36.260000	707.94843
36.280000	707.79765
36.300000	707.55161
36.320000	707.44956
36.340000	707.32694
36.360000	707.24617
36.380000	706.94730
36.400000	706.69440
36.420000	706.56709
36.440000	706.40011
36.460000	706.23044
36.480000	705.97979
36.500000	705.82531
36.520000	705.58371
36.540000	705.43237
36.560000	705.31525
36.580000	705.23031
36.600000	704.88337
36.620000	704.69562
36.640000	704.47392
36.660000	704.31392
36.680000	704.10042
36.700000	703.88545
36.720000	703.71530
36.740000	703.59290
36.760000	703.39886
36.780000	703.25480
36.800000	703.09226
36.820000	702.78135
36.840000	702.62639
36.860000	702.44945
36.880000	702.34366
36.900000	702.17669
36.920000	701.94969
36.940000	701.69274
36.960000	701.53869
36.980000	701.29696
37.000000	701.08925
37.020000	700.90232
37.040000	700.70456
37.060000	700.56274
37.080000	700.36800
37.100000	700.14305
37.120000	700.00268
37.140000	699.82451
37.160000	699.54388
37.180000	699.34964
37.200000	699.11185
37.220000	699.02794
37.240000	698.73698
37.260000	698.59690
37.280000	698.32303
37.300000	698.24347
37.320000	698.05838
37.340000	697.84421
37.360000	697.64784
37.380000	697.46396
37.400000	697.17917
37.420000	696.94155
37.440000	696.81394
37.460000	696.69981
37.480000	696.58334
37.500000	694.40418
37.520000	695.18118
37.540000	695.16304
37.560000	695.14881
37.580000	695.03823
37.600000	694.98955
37.620000	694.79570
37.640000	694.63615
37.660000	694.43524
37.680000	694.24658
37.700000	694.09821
37.720000	693.92313
37.740000	693.72573
37.760000	693.59718
37.780000	693.38633
37.800000	693.14677
37.820000	692.99386
37.840000	692.85861
37.860000	692.73565
37.880000	692.52425
37.900000	692.32689
37.920000	692.12968
37.940000	691.76789
37.960000	691.61746
37.980000	691.41710
38.000000	691.12732
38.020000	690.97053
38.040000	690.86275
38.060000	690.62714
38.080000	690.47382
38.100000	690.34724
38.120000	690.15482
38.140000	690.02039
38.160000	689.87205
38.180000	689.68919
38.200000	689.41301
38.220000	689.26387
38.240000	689.03372
38.260000	688.91093
38.280000	688.74693
38.300000	688.55205
38.320000	688.37033
38.340000	688.14021
38.360000	688.02097
38.380000	687.81514
38.400000	687.68483
38.420000	687.44671
38.440000	687.29963
38.460000	687.19158
38.480000	687.02453
38.500000	686.86571
38.520000	686.54059
38.540000	686.39106
38.560000	686.22748
38.580000	686.13714
38.600000	685.91398
38.620000	685.70591
38.640000	685.52206
38.660000	685.42130
38.680000	685.22564
38.700000	685.10654
38.720000	684.93485
38.740000	684.70809
38.760000	684.58119
38.780000	684.35096
38.800000	684.25546
38.820000	684.13680
38.840000	683.87744
38.860000	683.77421
38.880000	683.57534
38.900000	683.53438
38.920000	683.28774
38.940000	683.18226
38.960000	683.00272
38.980000	682.85046
39.000000	682.60232
39.020000	682.46689
39.040000	682.40755
39.060000	682.23364
39.080000	682.13413
39.100000	681.90760
39.120000	681.69517
39.140000	681.60165
39.160000	681.50156
39.180000	681.23725
39.200000	681.03846
39.220000	680.91197
39.240000	680.78923
39.260000	680.61310
39.280000	680.54233
39.300000	680.42852
39.320000	680.31617
39.340000	680.06722
39.360000	679.94183
39.380000	679.75353
39.400000	679.64644
39.420000	679.52129
39.440000	679.41469
39.460000	679.21090
39.480000	679.03025
39.500000	678.86140
39.520000	678.73712
39.540000	678.68694
39.560000	678.47251
39.580000	678.27217
39.600000	678.07648
39.620000	678.06696
39.640000	677.94099
39.660000	677.74095
39.680000	677.68463
39.700000	677.53727
39.720000	676.40454
39.740000	675.54793
39.760000	676.35718
39.780000	676.46633
39.800000	676.32185
39.820000	676.37345
39.840000	676.21817
39.860000	676.07165
39.880000	676.01063
39.900000	675.88753
39.920000	675.75531
39.940000	675.66189
39.960000	675.59118
39.980000	675.40446
40.000000	675.18540
40.020000	675.11087
40.040000	674.98013
40.060000	674.88777
40.080000	674.71933
40.100000	674.65791
40.120000	674.56369
40.140000	674.43552
40.160000	674.35682
40.180000	674.12722
40.200000	674.05395
40.220000	673.99314
40.240000	673.76045
40.260000	673.54968
40.280000	673.48821
40.300000	673.44535
40.320000	673.19892
40.340000	673.15444
40.360000	673.09533
40.380000	672.78526
40.400000	672.61395
40.420000	672.57889
40.440000	672.47646
40.460000	672.37402
40.480000	672.25729
40.500000	672.14639
40.520000	671.95249
40.540000	671.88354
40.560000	671.76301
40.580000	671.51682
40.600000	671.36448
40.620000	671.37640
40.640000	671.27613
40.660000	671.17306
40.680000	671.02920
40.700000	670.84049
40.720000	670.67414
40.740000	670.58069
40.760000	670.53200
40.780000	670.41374
40.800000	670.25253
40.820000	670.20833
40.840000	670.07002
40.860000	669.95977
40.880000	669.87248
40.900000	669.64242
40.920000	669.54328
40.940000	669.45513
40.960000	669.12924
40.980000	669.06990
41.000000	668.90075
41.020000	668.80631
41.040000	668.74474
41.060000	668.56284
41.080000	668.45391
41.100000	668.32207
41.120000	668.24551
41.140000	668.24657
41.160000	668.06331
41.180000	667.88030
41.200000	667.78865
41.220000	667.69730
41.240000	667.52395
41.260000	667.40429
41.280000	667.35022
41.300000	667.10753
41.320000	667.02834
41.340000	667.06372
41.360000	666.87097
41.380000	666.71537
41.400000	666.59531
41.420000	666.38661
41.440000	666.29056
41.460000	666.18869
41.480000	666.12425
41.500000	665.96633
41.520000	665.88561
41.540000	665.76366
41.560000	665.64804
41.580000	665.57854
41.600000	665.36267
41.620000	665.19517
41.640000	665.06348
41.660000	664.93481
41.680000	664.85488
41.700000	664.71736
41.720000	664.64491
41.740000	664.55836
41.760000	664.29355
41.780000	664.19262
41.800000	664.12078
41.820000	664.09886
41.840000	664.03601
41.860000	663.81863
41.880000	663.72910
41.900000	663.58603
41.920000	663.47453
41.940000	663.37111
41.960000	663.17316
41.980000	663.02292
42.000000	662.94323
42.020000	662.79394
42.040000	662.61391
42.060000	662.53037
42.080000	662.48703
42.100000	662.35098
42.120000	662.24521
42.140000	662.13365
42.160000	662.04727
42.180000	661.94563
42.200000	661.79966
42.220000	661.64664
42.240000	661.68675
42.260000	661.56633
42.280000	661.37772
42.300000	661.20584
42.320000	661.10345
42.340000	660.97262
42.360000	660.85705
42.380000	660.62701
42.400000	660.48378
42.420000	660.40916
42.440000	660.27837
42.460000	660.19972
42.480000	660.13978
42.500000	660.07642
42.520000	659.96041
42.540000	659.77625
42.560000	659.62284
42.580000	659.53155
42.600000	659.39787
42.620000	659.35065
42.640000	659.08295
42.660000	659.02874
42.680000	658.89478
42.700000	658.74777
42.720000	658.56752
42.740000	658.49922
42.760000	658.41338
42.780000	658.37193
42.800000	658.26210
42.820000	658.06893
42.840000	657.90963
42.860000	657.77965
42.880000	657.66966
42.900000	657.48712
42.920000	657.33198
42.940000	657.20107
42.960000	657.12295
42.980000	657.14359
43.000000	656.95354
43.020000	656.82491
43.040000	656.78598
43.060000	656.62301
43.080000	656.36241
43.100000	656.32841
43.120000	656.22473
43.140000	656.10550
43.160000	656.03622
43.180000	655.87724
43.200000	655.76571
43.220000	655.71305
43.240000	655.60920
43.260000	655.58472
43.280000	655.29865
43.300000	655.06128
43.320000	655.04181
43.340000	654.86415
43.360000	654.67280
43.380000	654.64337
43.400000	654.51706
43.420000	654.52641
43.440000	654.49653
43.460000	654.24808
43.480000	654.10264
43.500000	653.90236
43.520000	653.90019
43.540000	653.84307
43.560000	653.66125
43.580000	653.53484
43.600000	653.47121
43.620000	653.25645
43.640000	653.06203
43.660000	653.01705
43.680000	652.89006
43.700000	652.83033
43.720000	652.74204
43.740000	652.57656
43.760000	652.47089
43.780000	652.34522
43.800000	652.21885
43.820000	652.21628
43.840000	652.13031
43.860000	651.88628
43.880000	651.88997
43.900000	651.68345
43.920000	651.50247
43.940000	651.44780
43.960000	651.17221
43.980000	651.08628
44.000000	651.05034
44.020000	650.99127
44.040000	650.86773
44.060000	650.76043
44.080000	650.71772
44.100000	650.56851
44.120000	650.46191
44.140000	650.35301
44.160000	650.12720
44.180000	650.05568
44.200000	649.96713
44.220000	649.81972
44.240000	649.69401
44.260000	649.51819
44.280000	649.49828
44.300000	649.30765
44.320000	649.19145
44.340000	649.12776
44.360000	649.03860
44.380000	648.92074
44.400000	648.69659
44.420000	648.65613
44.440000	648.50231
44.460000	648.35467
44.480000	648.26950
44.500000	648.24642
44.520000	648.17233
44.540000	648.07061
44.560000	647.89258
44.580000	647.82612
44.600000	647.73859
44.620000	647.64889
44.640000	647.48856
44.660000	647.31821
44.680000	647.17040
44.700000	647.11847
44.720000	647.08977
44.740000	646.93150
44.760000	646.75898
44.780000	646.75915
44.800000	646.62860
44.820000	646.51096
44.840000	646.38021
44.860000	646.27878
44.880000	646.04639
44.900000	646.03671
44.920000	645.94052
44.940000	645.83561
44.960000	645.66854
44.980000	645.62396
45.000000	645.50085
45.020000	645.25976
45.040000	645.26277
45.060000	645.24005
45.080000	645.05453
45.100000	644.81908
45.120000	644.79789
45.140000	644.77239
45.160000	644.66640
45.180000	644.58987
45.200000	644.56505
45.220000	644.46476
45.240000	644.32947
45.260000	644.20439
45.280000	644.08839
45.300000	643.99248
45.320000	643.85778
45.340000	643.62260
45.360000	643.58078
45.380000	643.46628
45.400000	643.36214
45.420000	643.28180
45.440000	643.18510
45.460000	643.05344
45.480000	643.07791
45.500000	642.94391
45.520000	642.77658
45.540000	642.72044
45.560000	642.58839
45.580000	642.51157
45.600000	642.40068
45.620000	642.18086
45.640000	642.17361
45.660000	642.01295
45.680000	641.96990
45.700000	641.88563
45.720000	641.81934
45.740000	641.79526
45.760000	641.65105
45.780000	641.53584
45.800000	641.35150
45.820000	641.31268
45.840000	641.20404
45.860000	641.08037
45.880000	640.90622
45.900000	640.94793
45.920000	640.76658
45.940000	640.70086
45.960000	640.71215
45.980000	640.46213
46.000000	640.35516
46.020000	640.31964
46.040000	640.24272
46.060000	640.08798
46.080000	639.99431
46.100000	640.04766
46.120000	639.97514
46.140000	639.73252
46.160000	639.67557
46.180000	639.63387
46.200000	639.62223
46.220000	639.56346
46.240000	639.32460
46.260000	639.18854
46.280000	639.09268
46.300000	638.99233
46.320000	638.87829
46.340000	638.82814
46.360000	638.73617
46.380000	638.69946
46.400000	638.65310
46.420000	638.50450
46.440000	638.43223
46.460000	638.29260
46.480000	638.13045
46.500000	638.11693
46.520000	638.08065
46.540000	637.95647
46.560000	637.80241
46.580000	637.65884
46.600000	637.59632
46.620000	637.64317
46.640000	637.55313
46.660000	637.35531
46.680000	637.24258
46.700000	637.13114
46.720000	637.13950
46.740000	637.07095
46.760000	637.00748
46.780000	636.84946
46.800000	636.83006
46.820000	636.75840
46.840000	636.73464
46.860000	636.48966
46.880000	636.51383
46.900000	636.34581
46.920000	636.27634
46.940000	636.32485
46.960000	636.07158
46.980000	636.06786
47.000000	635.97901
47.020000	635.84292
47.040000	635.73839
47.060000	635.70976
47.080000	635.70997
47.100000	635.54874
47.120000	635.56537
47.140000	635.53190
47.160000	635.37613
47.180000	635.26612
47.200000	635.12632
47.220000	635.05369
47.240000	635.03394
47.260000	634.85567
47.280000	634.68094
47.300000	634.74114
47.320000	634.63438
47.340000	634.52625
47.360000	634.35086
47.380000	634.40747
47.400000	634.36710
47.420000	634.19838
47.440000	634.15166
47.460000	634.11472
47.480000	633.99214
47.500000	633.80861
47.520000	633.81739
47.540000	633.72355
47.560000	633.66245
47.580000	633.60806
47.600000	633.45439
47.620000	633.26772
47.640000	633.38603
47.660000	633.25536
47.680000	633.12049
47.700000	633.21672
47.720000	633.13623
47.740000	633.04789
47.760000	632.90109
47.780000	632.73273
47.800000	632.64810
47.820000	632.67861
47.840000	632.62783
47.860000	632.41233
47.880000	632.43043
47.900000	632.32361
47.920000	632.17938
47.940000	632.15263
47.960000	631.91919
47.980000	631.89986
48.000000	631.89783
48.020000	631.72697
48.040000	631.82150
48.060000	631.71553
48.080000	631.59828
48.100000	631.39898
48.120000	631.37838
48.140000	631.29441
48.160000	631.11296
48.180000	631.11896
48.200000	631.04567
48.220000	630.90927
48.240000	630.83503
48.260000	630.70124
48.280000	630.72398
48.300000	630.57822
48.320000	630.50043
48.340000	630.47958
48.360000	630.51482
48.380000	630.30482
48.400000	630.26210
48.420000	630.17440
48.440000	630.07865
48.460000	629.93367
48.480000	629.88037
48.500000	629.81121
48.520000	629.67622
48.540000	629.60387
48.560000	629.58223
48.580000	629.47622
48.600000	629.43181
48.620000	629.43150
48.640000	629.28112
48.660000	629.28601
48.680000	629.11968
48.700000	628.99614
48.720000	628.83228
48.740000	628.80349
48.760000	628.74422
48.780000	628.73225
48.800000	628.60306
48.820000	628.52402
48.840000	628.41549
48.860000	628.34919
48.880000	628.30107
48.900000	628.15391
48.920000	628.12425
48.940000	628.04588
48.960000	627.95671
48.980000	627.92980
49.000000	627.71947
49.020000	627.62149
49.040000	627.46128
49.060000	627.40727
49.080000	627.40053
49.100000	627.35122
49.120000	627.23497
49.140000	627.09802
49.160000	626.99781
49.180000	627.06153
49.200000	627.00044
49.220000	626.80436
49.240000	626.70431
49.260000	626.55195
49.280000	626.52086
49.300000	626.46804
49.320000	626.44548
49.340000	626.39163
49.360000	626.25795
49.380000	626.17603
49.400000	626.12266
49.420000	625.97935
49.440000	625.89603
49.460000	625.68646
49.480000	625.64467
49.500000	625.60583
49.520000	625.65101
49.540000	625.54025
49.560000	625.31150
49.580000	625.18374
49.600000	625.07319
49.620000	625.03376
49.640000	625.04180
49.660000	624.89521
49.680000	624.83400
49.700000	624.81402
49.720000	624.61809
49.740000	624.56851
49.760000	624.47142
49.780000	624.39067
49.800000	624.19869
49.820000	624.16848
49.840000	624.05109
49.860000	623.89680
49.880000	623.79780
49.900000	623.72329
49.920000	623.69237
49.940000	623.48558
49.960000	623.52675
49.980000	623.43486
50.000000	623.11034
50.020000	623.13101
50.040000	623.15963
50.060000	623.02115
50.080000	622.96157
50.100000	622.95793
50.120000	622.86102
50.140000	622.66823
50.160000	622.54642
50.180000	622.42865
50.200000	622.35792
50.220000	622.19846
50.240000	622.13992
50.260000	622.10774
50.280000	622.00959
50.300000	621.94622
50.320000	621.92169
50.340000	621.79882
50.360000	621.58922
50.380000	621.65177
50.400000	621.51700
50.420000	621.39466
50.440000	621.29967
50.460000	621.20635
50.480000	621.07240
50.500000	621.02772
50.520000	620.88181
50.540000	620.73395
50.560000	620.73212
50.580000	620.67375
50.600000	620.63096
50.620000	620.50864
50.640000	620.40255
50.660000	620.25164
50.680000	620.09712
50.700000	620.15822
50.720000	620.09137
50.740000	619.95040
50.760000	619.77714
50.780000	619.80258
50.800000	619.62309
50.820000	619.56199
50.840000	619.47272
50.860000	619.39580
50.880000	619.21529
50.900000	619.17755
50.920000	619.00736
50.940000	618.90073
50.960000	618.95633
50.980000	618.84653
51.000000	618.73308
51.020000	618.54227
51.040000	618.51635
51.060000	618.42070
51.080000	618.31964
51.100000	618.19851
51.120000	618.18517
51.140000	618.14238
51.160000	617.91437
51.180000	617.89548
51.200000	617.80272
51.220000	617.79410
51.240000	617.52287
51.260000	617.53784
51.280000	617.47468
51.300000	617.31684
51.320000	617.28221
51.340000	617.20231
51.360000	617.16706
51.380000	617.11033
51.400000	616.93404
51.420000	616.84882
51.440000	616.84011
51.460000	616.66893
51.480000	616.58276
51.500000	616.43184
51.520000	616.38570
51.540000	616.27062
51.560000	616.29481
51.580000	616.16587
51.600000	616.08439
51.620000	615.98042
51.640000	615.81861
51.660000	615.80975
51.680000	615.81709
51.700000	615.56764
51.720000	615.45095
51.740000	615.52892
51.760000	615.48153
51.780000	615.38840
51.800000	615.18545
51.820000	615.14072
51.840000	615.04633
51.860000	615.04453
51.880000	614.88447
51.900000	614.82345
51.920000	614.70043
51.940000	614.84710
51.960000	614.62832
51.980000	614.51398
52.000000	614.42218
52.020000	614.29300
52.040000	614.32115
52.060000	614.25439
52.080000	614.12994
52.100000	613.99184
52.120000	613.93471
52.140000	613.80912
52.160000	613.68490
52.180000	613.56256
52.200000	613.58941
52.220000	613.49950
52.240000	613.34636
52.260000	613.30737
52.280000	613.24858
52.300000	613.08502
52.320000	612.96988
52.340000	613.00316
52.360000	612.82781
52.380000	612.81225
52.400000	612.72870
52.420000	612.63974
52.440000	612.59549
52.460000	612.52290
52.480000	612.46597
52.500000	612.31527
52.520000	612.29758
52.540000	612.21528
52.560000	612.13234
52.580000	612.05185
52.600000	611.95289
52.620000	611.86027
52.640000	611.75307
52.660000	611.63877
52.680000	611.65253
52.700000	611.54337
52.720000	611.46474
52.740000	611.40501
52.760000	611.38545
52.780000	611.32907
52.800000	611.22765
52.820000	611.11845
52.840000	610.92845
52.860000	610.88464
52.880000	610.89855
52.900000	610.80288
52.920000	610.67810
52.940000	610.51727
52.960000	610.53727
52.980000	610.40966
53.000000	610.40488
53.020000	610.26866
53.040000	610.21706
53.060000	610.12177
53.080000	610.05534
53.100000	609.91038
53.120000	609.91077
53.140000	609.78486
53.160000	609.68410
53.180000	609.67150
53.200000	609.60006
53.220000	609.40599
53.240000	609.35561
53.260000	609.43151
53.280000	609.28890
53.300000	609.15542
53.320000	609.14033
53.340000	609.02381
53.360000	608.82022
53.380000	608.80444
53.400000	608.74775
53.420000	608.63680
53.440000	608.59813
53.460000	608.55421
53.480000	608.39277
53.500000	608.38821
53.520000	608.30480
53.540000	608.24585
53.560000	608.19713
53.580000	608.11586
53.600000	608.06368
53.620000	608.00675
53.640000	607.90253
53.660000	607.76174
53.680000	607.71362
53.700000	607.59532
53.720000	607.56399
53.740000	607.40392
53.760000	607.25905
53.780000	607.29689
53.800000	607.24003
53.820000	607.25567
53.840000	607.12874
53.860000	606.94827
53.880000	606.93341
53.900000	606.82713
53.920000	606.79779
53.940000	606.78561
53.960000	606.79650
53.980000	606.56157
54.000000	606.39030
54.020000	606.31683
54.040000	606.21524
54.060000	606.12154
54.080000	606.12394
54.100000	606.11320
54.120000	606.06776
54.140000	605.91616
54.160000	605.83969
54.180000	605.77340
54.200000	605.72051
54.220000	605.58276
54.240000	605.48845
54.260000	605.36521
54.280000	605.44104
54.300000	605.33696
54.320000	605.30042
54.340000	605.20229
54.360000	605.05845
54.380000	605.04441
54.400000	604.99936
54.420000	604.85720
54.440000	604.82561
54.460000	604.67351
54.480000	604.66146
54.500000	604.62586
54.520000	604.58202
54.540000	604.52088
54.560000	604.48394
54.580000	604.37592
54.600000	604.18700
54.620000	604.20140
54.640000	604.15065
54.660000	603.99086
54.680000	604.00057
54.700000	603.98184
54.720000	603.96183
54.740000	603.78896
54.760000	603.76558
54.780000	603.70948
54.800000	603.69007
54.820000	603.66087
54.840000	603.48219
54.860000	603.49990
54.880000	603.35963
54.900000	603.27159
54.920000	603.24195
54.940000	603.22877
54.960000	603.00939
54.980000	603.05771
55.000000	603.09185
55.020000	603.01476
55.040000	602.93042
55.060000	602.90683
55.080000	602.90946
55.100000	602.86230
55.120000	602.83746
55.140000	602.70767
55.160000	602.52872
55.180000	602.61134
55.200000	602.51395
55.220000	602.38548
55.240000	602.40426
55.260000	602.40355
55.280000	602.30788
55.300000	602.36497
55.320000	602.26881
55.340000	602.10903
55.360000	602.00885
55.380000	602.08714
55.400000	602.11262
55.420000	601.89634
55.440000	601.77738
55.460000	601.89091
55.480000	601.79434
55.500000	601.75338
55.520000	601.58396
55.540000	601.56971
55.560000	601.54728
55.580000	601.59428
55.600000	601.56313
55.620000	601.49026
55.640000	601.38165
55.660000	601.27104
55.680000	601.24282
55.700000	601.31027
55.720000	601.17779
55.740000	601.24992
55.760000	601.13923
55.780000	601.06268
55.800000	601.00302
55.820000	600.78965
55.840000	600.97020
55.860000	600.82792
55.880000	600.77796
55.900000	600.67039
55.920000	600.58778
55.940000	600.62778
55.960000	600.77905
55.980000	600.60189
56.000000	600.51590
56.020000	600.53299
56.040000	600.46163
56.060000	600.37803
56.080000	600.34492
56.100000	600.25611
56.120000	600.21926
56.140000	600.22490
56.160000	600.18343
56.180000	600.11418
56.200000	599.86584
56.220000	599.93521
56.240000	599.84771
56.260000	599.92741
56.280000	599.90186
56.300000	599.91261
56.320000	599.77495
56.340000	599.79554
56.360000	599.72176
56.380000	599.65843
56.400000	599.61883
56.420000	599.57480
56.440000	599.48998
56.460000	599.50413
56.480000	599.48914
56.500000	599.42776
56.520000	599.35158
56.540000	599.29871
56.560000	599.36207
56.580000	599.25130
56.600000	599.22252
56.620000	599.21035
56.640000	599.17919
56.660000	599.04524
56.680000	599.11698
56.700000	599.03374
56.720000	598.94784
56.740000	598.92794
56.760000	598.90442
56.780000	598.81304
56.800000	598.88563
56.820000	598.93636
56.840000	598.75762
56.860000	598.71166
56.880000	598.61476
56.900000	598.68039
56.920000	598.58710
56.940000	598.57109
56.960000	598.45261
56.980000	598.44077
57.000000	598.45851
57.020000	598.39230
57.040000	598.37230
57.060000	598.44185
57.080000	598.28269
57.100000	598.30016
57.120000	598.23644
57.140000	598.11877
57.160000	598.21788
57.180000	598.15462
57.200000	598.04498
57.220000	598.10264
57.240000	597.98847
57.260000	597.95846
57.280000	597.98217
57.300000	597.98179
57.320000	597.98189
57.340000	597.86039
57.360000	597.82027
57.380000	597.71367
57.400000	597.74614
57.420000	597.77617
57.440000	597.68780
57.460000	597.70160
57.480000	597.73326
57.500000	597.64624
57.520000	597.60050
57.540000	597.55697
57.560000	597.52421
57.580000	597.55274
57.600000	597.55674
57.620000	597.52206
57.640000	597.42309
57.660000	597.62309
57.680000	597.54064
57.700000	597.48221
57.720000	597.37365
57.740000	597.39704
57.760000	597.35009
57.780000	597.35673
57.800000	597.37613
57.820000	597.49635
57.840000	597.32601
57.860000	597.29437
57.880000	597.26229
57.900000	597.25080
57.920000	597.20234
57.940000	597.12800
57.960000	597.12109
57.980000	597.19293
58.000000	597.23777
58.020000	597.14943
58.040000	597.12359
58.060000	597.05708
58.080000	597.05412
58.100000	597.07240
58.120000	596.92284
58.140000	596.98983
58.160000	597.06224
58.180000	597.02118
58.200000	596.99114
58.220000	596.90821
58.240000	596.95603
58.260000	596.92712
58.280000	596.95693
58.300000	596.86093
58.320000	596.82811
58.340000	596.87538
58.360000	596.86392
58.380000	596.85416
58.400000	596.87230
58.420000	596.75470
58.440000	596.78788
58.460000	596.68565
58.480000	596.89235
58.500000	596.77846
58.520000	596.72294
58.540000	596.78775
58.560000	596.81929
58.580000	596.83130
58.600000	596.75750
58.620000	596.81225
58.640000	596.79666
58.660000	596.75248
58.680000	596.86530
58.700000	596.72148
58.720000	596.75108
58.740000	596.73674
58.760000	596.79236
58.780000	596.75736
58.800000	596.73794
58.820000	596.75016
58.840000	596.72109
58.860000	596.72716
58.880000	596.81322
58.900000	596.71596
58.920000	596.75932
58.940000	596.78951
58.960000	596.86307
58.980000	596.67452
59.000000	596.71875
59.020000	596.77821
59.040000	596.76824
59.060000	596.66228
59.080000	596.83051
59.100000	596.79975
59.120000	596.70583
59.140000	596.73604
59.160000	596.74615
59.180000	596.77274
59.200000	596.75981
59.220000	596.65640
59.240000	596.89813
59.260000	596.88476
59.280000	596.80685
59.300000	596.84470
59.320000	596.89817
59.340000	596.92604
59.360000	596.82168
59.380000	596.81028
59.400000	597.01948
59.420000	596.95626
59.440000	596.91244
59.460000	596.88974
59.480000	597.08041
59.500000	597.06964
59.520000	597.01351
59.540000	597.00788
59.560000	597.09743
59.580000	597.07532
59.600000	597.09989
59.620000	597.09679
59.640000	597.03808
59.660000	597.17896
59.680000	597.19954
59.700000	597.09525
59.720000	597.19933
59.740000	597.23942
59.760000	597.25628
59.780000	597.18668
59.800000	597.10595
59.820000	597.26129
59.840000	597.29163
59.860000	597.25701
59.880000	597.17431
59.900000	597.26518
59.920000	597.32038
59.940000	597.43323
